-71.1902 42.2826 -8844.329747546186
-71.1874 42.2826 -9076.19996572017
-71.1874 42.2854 -9153.008627215115
-71.1846 42.2798 -9250.015224757426
-71.1846 42.2826 -9327.23021465305
-71.1846 42.2854 -9400.363727777547
-71.1846 42.288199999999996 -9472.542545231534
-71.1818 42.277 -9455.947193439091
-71.1818 42.2798 -9535.298999405015
-71.1818 42.2826 -9601.990725030057
-71.1818 42.2854 -9666.042589300368
-71.1818 42.288199999999996 -9732.467299180846
-71.1818 42.291 -9802.488856504362
-71.179 42.2798 -9867.53287192023
-71.179 42.2826 -9906.049139926996
-71.179 42.2854 -9951.521003206875
-71.179 42.288199999999996 -10008.02330230958
-71.179 42.291 -10073.429671952546
-71.179 42.2938 -10145.359661287823
-71.1762 42.2798 -10277.323052606678
-71.1762 42.2826 -10241.94808739552
-71.1762 42.2854 -10255.411803026907
-71.1762 42.288199999999996 -10298.732969297344
-71.1762 42.291 -10358.634178210028
-71.1762 42.2938 -10428.528751240907
-71.1734 42.2686 -10382.025337579611
-71.1734 42.2742 -10929.702650397068
-71.1734 42.277 -11817.005218182072
-71.1734 42.2798 -10791.341414617207
-71.1734 42.2826 -10591.504788573628
-71.1734 42.2854 -10571.109881819857
-71.1734 42.288199999999996 -10603.547692655786
-71.1734 42.291 -10659.093129720946
-71.1734 42.2938 -10727.082860274435
-71.1734 42.2966 -10803.161143329418
-71.1734 42.3498 -12981.075164506185
-71.1734 42.3526 -12761.825037227101
-71.1706 42.2658 -10519.294023279297
-71.1706 42.2686 -10887.29552706695
-71.1706 42.2714 -11706.745172366962
-71.1706 42.2742 -11896.551624486145
-71.1706 42.277 -11431.891620842536
-71.1706 42.2798 -11070.728675381462
-71.1706 42.2826 -10912.71623940684
-71.1706 42.2854 -10892.808056879889
-71.1706 42.288199999999996 -10923.869662852043
-71.1706 42.291 -10977.863379207334
-71.1706 42.2938 -11044.29097630647
-71.1706 42.2966 -11118.773842355627
-71.1706 42.2994 -11199.94201213596
-71.1706 42.347 -13788.086056617374
-71.1706 42.3498 -13963.68065459015
-71.1706 42.3526 -13621.92206151371
-71.1706 42.3554 -13118.382755456461
-71.1678 42.263 -10573.18463903243
-71.1678 42.2658 -12426.206799798116
-71.1678 42.2686 -11269.628050328602
-71.1678 42.2714 -11350.95677561165
-71.1678 42.2742 -11841.31514502774
-71.1678 42.277 -11493.840313967028
-71.1678 42.2798 -11283.450382687502
-71.1678 42.2826 -11224.892689370346
-71.1678 42.2854 -11230.80751633587
-71.1678 42.288199999999996 -11268.03634552254
-71.1678 42.291 -11321.979325429087
-71.1678 42.2938 -11386.44552578548
-71.1678 42.2966 -11457.567140176945
-71.1678 42.2994 -11533.94907960305
-71.1678 42.3358 -17662.712643816052
-71.1678 42.3386 -16383.201047225588
-71.1678 42.3442 -14583.28766294223
-71.1678 42.347 -14684.691447222991
-71.1678 42.3498 -16551.033650418118
-71.1678 42.3526 -14741.9884815868
-71.1678 42.3554 -13774.933466953726
-71.1678 42.3582 -13320.748076673408
-71.16499999999999 42.263 -10539.669281525072
-71.16499999999999 42.2658 -10905.879435869585
-71.16499999999999 42.2686 -11049.703667404212
-71.16499999999999 42.2714 -11184.429360826574
-71.16499999999999 42.2742 -11402.565885697786
-71.16499999999999 42.277 -11699.12866784608
-71.16499999999999 42.2798 -11609.624432930541
-71.16499999999999 42.2826 -11585.569769577449
-71.16499999999999 42.2854 -11614.059311401237
-71.16499999999999 42.288199999999996 -11653.774040667378
-71.16499999999999 42.291 -11703.875641686662
-71.16499999999999 42.2938 -11765.149855510737
-71.16499999999999 42.2966 -11830.684702689072
-71.16499999999999 42.2994 -11895.118234009095
-71.16499999999999 42.3022 -11966.101351781956
-71.16499999999999 42.3358 -19117.607276199036
-71.16499999999999 42.3386 -16924.991906605457
-71.16499999999999 42.3414 -15705.042751197554
-71.16499999999999 42.3442 -15294.460799539196
-71.16499999999999 42.347 -15428.321028999919
-71.16499999999999 42.3498 -16244.626807841094
-71.16499999999999 42.3526 -15091.308791288207
-71.16499999999999 42.3554 -14365.171493750071
-71.16499999999999 42.3582 -13893.511049191733
-71.1622 42.2602 -10584.430630422723
-71.1622 42.263 -10718.501492272206
-71.1622 42.2658 -10860.313237089073
-71.1622 42.2686 -11016.790063973083
-71.1622 42.2714 -11206.110065139774
-71.1622 42.2742 -11450.617729292688
-71.1622 42.277 -11780.802387784057
-71.1622 42.2798 -11987.753033062865
-71.1622 42.2826 -12067.43766633216
-71.1622 42.2854 -12093.411302896622
-71.1622 42.288199999999996 -12110.978108835883
-71.1622 42.291 -12141.220033381247
-71.1622 42.2938 -12203.106335613837
-71.1622 42.2966 -12268.12279316251
-71.1622 42.2994 -12299.537839634037
-71.1622 42.3358 -16148.4807379814
-71.1622 42.3386 -16226.817788814267
-71.1622 42.3414 -16018.402381011545
-71.1622 42.3442 -15942.42825832315
-71.1622 42.347 -16152.54414063089
-71.1622 42.3498 -16252.844869400828
-71.1622 42.3526 -15525.203769950955
-71.1622 42.3554 -14977.78355658269
-71.1594 42.2574 -10751.420027462967
-71.1594 42.2602 -11889.73703888807
-71.1594 42.263 -11230.03234893636
-71.1594 42.2658 -11025.86639490423
-71.1594 42.2686 -11116.236787274807
-71.1594 42.2714 -11317.49693270425
-71.1594 42.2742 -11600.758262373156
-71.1594 42.277 -12032.85117324148
-71.1594 42.2798 -12970.678172594819
-71.1594 42.2826 -12899.43753462089
-71.1594 42.2854 -12783.942455769911
-71.1594 42.288199999999996 -12696.876848998376
-71.1594 42.291 -12646.914420277128
-71.1594 42.2938 -12747.946721705404
-71.1594 42.2966 -12918.543622751858
-71.1594 42.2994 -12781.386438760199
-71.1594 42.333 -15738.556774606996
-71.1594 42.3358 -16231.071599375084
-71.1594 42.3386 -16518.475733343745
-71.1594 42.3414 -16636.321246890606
-71.1594 42.3442 -16723.935618981308
-71.1594 42.347 -16957.851906790213
-71.1594 42.3498 -17013.24694490314
-71.1594 42.3526 -16304.119859911885
-71.1594 42.3554 -15730.904380350103
-71.1594 42.3582 -15244.783075473031
-71.1566 42.2574 -10651.118086446548
-71.1566 42.2602 -11542.839056342511
-71.1566 42.263 -11405.280420962854
-71.1566 42.2658 -11138.18648984189
-71.1566 42.2686 -11240.057053197223
-71.1566 42.2714 -11458.939158746329
-71.1566 42.2742 -11768.185079493187
-71.1566 42.277 -12244.691087612811
-71.1566 42.2798 -13272.602607487377
-71.1566 42.2826 -13730.233337913734
-71.1566 42.2854 -14554.861653356602
-71.1566 42.288199999999996 -13532.71877399142
-71.1566 42.291 -13182.568643545708
-71.1566 42.2938 -13332.773928706049
-71.1566 42.2966 -17938.98899472499
-71.1566 42.333 -16383.871384138389
-71.1566 42.3358 -17025.653879925896
-71.1566 42.3386 -17460.778401101554
-71.1566 42.3414 -17770.933928491813
-71.1566 42.3442 -17808.378898523926
-71.1566 42.347 -18281.2757873373
-71.1566 42.3498 -19543.690373566667
-71.1566 42.3526 -17461.498597424372
-71.1566 42.3554 -16661.455116170015
-71.1566 42.3582 -16206.316391762844
-71.1538 42.2602 -10857.796718334454
-71.1538 42.263 -11054.269789453972
-71.1538 42.2658 -11177.760744622496
-71.1538 42.2686 -11359.869961519107
-71.1538 42.2714 -11606.582157426768
-71.1538 42.2742 -11920.573974756442
-71.1538 42.277 -12327.059756085635
-71.1538 42.2798 -12850.195573985884
-71.1538 42.2826 -13523.440901225009
-71.1538 42.2854 -15162.183775564912
-71.1538 42.288199999999996 -14354.727571099436
-71.1538 42.291 -13647.970370418443
-71.1538 42.2938 -13558.309030947785
-71.1538 42.333 -17401.781085868253
-71.1538 42.3358 -18823.49034899432
-71.1538 42.3386 -19207.559913607223
-71.1538 42.3414 -20836.298444060834
-71.1538 42.3442 -19025.334850830764
-71.1538 42.347 -20255.30591419033
-71.1538 42.3498 -22962.655522400364
-71.1538 42.3526 -18854.277033055587
-71.1538 42.3554 -17776.892479865335
-71.1538 42.3582 -17486.715399135177
-71.151 42.2602 -10789.984016053671
-71.151 42.263 -11030.757355440983
-71.151 42.2658 -11252.912650624468
-71.151 42.2686 -11491.548415815254
-71.151 42.2714 -11764.968549327923
-71.151 42.2742 -12082.176851951748
-71.151 42.277 -12454.342785382341
-71.151 42.2798 -12903.641453642951
-71.151 42.2826 -13511.972079324883
-71.151 42.2854 -14661.25284018081
-71.151 42.288199999999996 -15430.257558315952
-71.151 42.291 -14026.05001744749
-71.151 42.2938 -13745.498901261279
-71.151 42.3358 -24256.504174442995
-71.151 42.3386 -21449.15266960922
-71.151 42.3414 -20610.84137365225
-71.151 42.3442 -19742.670899056717
-71.151 42.347 -21429.191657900075
-71.151 42.3498 -22118.130909534615
-71.151 42.3526 -19916.0041961888
-71.151 42.3554 -19685.519767468075
-71.151 42.3582 -18326.40441950423
-71.1482 42.2574 -10601.968733133348
-71.1482 42.2602 -10863.182087008176
-71.1482 42.263 -11119.049903754634
-71.1482 42.2658 -11376.399047507319
-71.1482 42.2686 -11648.703421105216
-71.1482 42.2714 -11946.550502557078
-71.1482 42.2742 -12274.533285253894
-71.1482 42.277 -12635.231736420466
-71.1482 42.2798 -13043.790780371777
-71.1482 42.2826 -13567.717790060558
-71.1482 42.2854 -14519.714733209754
-71.1482 42.288199999999996 -15112.677222388296
-71.1482 42.291 -14178.005320228962
-71.1482 42.2938 -13956.451696544265
-71.1482 42.2966 -13921.08937639269
-71.1482 42.3386 -20619.71738552788
-71.1482 42.3414 -20158.269348062557
-71.1482 42.3442 -20045.275629196316
-71.1482 42.347 -20771.13843161465
-71.1482 42.3498 -21673.58299925028
-71.1482 42.3526 -20367.51101860304
-71.1482 42.3554 -22044.057224211447
-71.1482 42.3582 -21514.498666218155
-71.1454 42.2518 -10231.373946219375
-71.1454 42.254599999999996 -10480.479488406972
-71.1454 42.2574 -10735.520768718246
-71.1454 42.2602 -10994.88342344015
-71.1454 42.263 -11259.972621283689
-71.1454 42.2658 -11536.862818997835
-71.1454 42.2686 -11834.918141988333
-71.1454 42.2714 -12162.359478809902
-71.1454 42.2742 -12517.897712464926
-71.1454 42.277 -12884.425814411225
-71.1454 42.2798 -13253.822911944852
-71.1454 42.2826 -13653.822499361973
-71.1454 42.2854 -14282.024220785272
-71.1454 42.288199999999996 -14280.302211917604
-71.1454 42.291 -14220.316233955082
-71.1454 42.2938 -14187.747516614094
-71.1454 42.2966 -14206.247086381834
-71.1454 42.3414 -20373.957391136293
-71.1454 42.3442 -20484.739254555105
-71.1454 42.347 -20708.38507781291
-71.1454 42.3498 -21003.384375948204
-71.1454 42.3526 -20814.72209460083
-71.1454 42.3554 -20854.939018664503
-71.1454 42.3582 -20215.520678829802
-71.1454 42.361 -18828.423939137137
-71.1426 42.2378 -9368.565489245591
-71.1426 42.2406 -9519.063709354066
-71.1426 42.2434 -9713.174165225057
-71.1426 42.2462 -9929.21012841677
-71.1426 42.249 -10159.918447380622
-71.1426 42.2518 -10400.865324089767
-71.1426 42.254599999999996 -10648.755675490209
-71.1426 42.2574 -10902.15834578341
-71.1426 42.2602 -11162.285901969664
-71.1426 42.263 -11433.629683850493
-71.1426 42.2658 -11724.406156407762
-71.1426 42.2686 -12047.108960851576
-71.1426 42.2714 -12419.85383754745
-71.1426 42.2742 -12854.846885459501
-71.1426 42.277 -13270.2451268735
-71.1426 42.2798 -13595.915122661941
-71.1426 42.2826 -13885.588041989084
-71.1426 42.2854 -14161.36396959983
-71.1426 42.288199999999996 -14334.627923310969
-71.1426 42.291 -14435.328540337028
-71.1426 42.2938 -14508.827492854753
-71.1426 42.2966 -14559.479440781544
-71.1426 42.2994 -14617.411998641299
-71.1426 42.3414 -20414.87841229435
-71.1426 42.3442 -22259.024686380737
-71.1426 42.347 -21608.790237333502
-71.1426 42.3498 -22052.989920252698
-71.1426 42.3526 -22033.05328484644
-71.1426 42.3554 -21555.492805724018
-71.1426 42.3582 -20710.65828034752
-71.1426 42.361 -19789.79119637281
-71.1426 42.3638 -18546.482345503224
-71.1398 42.235 -10515.244269757699
-71.1398 42.2378 -9607.418303296172
-71.1398 42.2406 -9712.233901760997
-71.1398 42.2434 -9898.770798164353
-71.1398 42.2462 -10115.054295530084
-71.1398 42.249 -10350.559619549656
-71.1398 42.2518 -10596.637313269792
-71.1398 42.254599999999996 -10846.905459096572
-71.1398 42.2574 -11099.843200965464
-71.1398 42.2602 -11358.962818084556
-71.1398 42.263 -11632.095587090133
-71.1398 42.2658 -11931.079937387407
-71.1398 42.2686 -12273.776723607436
-71.1398 42.2714 -12701.204244744675
-71.1398 42.2742 -13413.6648434276
-71.1398 42.277 -14094.835183071473
-71.1398 42.2798 -14222.90718563673
-71.1398 42.2826 -14326.101404323426
-71.1398 42.2854 -14519.530200218107
-71.1398 42.288199999999996 -14688.477733593221
-71.1398 42.291 -14858.882784225894
-71.1398 42.2938 -15038.446634304644
-71.1398 42.2966 -15028.941054794092
-71.1398 42.2994 -15022.066038370294
-71.1398 42.3022 -15099.56415786866
-71.1398 42.3442 -21638.988609265885
-71.1398 42.347 -23319.68419287192
-71.1398 42.3498 -25642.58894452728
-71.1398 42.3526 -24991.498564326226
-71.1398 42.3554 -23780.669697087764
-71.1398 42.3582 -22069.69485851179
-71.1398 42.361 -20741.55980098146
-71.1398 42.3638 -19440.363538762685
-71.137 42.2322 -9160.302391315001
-71.137 42.235 -9519.442302198277
-71.137 42.2378 -9765.261073020543
-71.137 42.2406 -9929.021110561072
-71.137 42.2434 -10103.875858849655
-71.137 42.2462 -10321.887170386284
-71.137 42.249 -10570.588259168984
-71.137 42.2518 -10830.180923131176
-71.137 42.254599999999996 -11085.462345389433
-71.137 42.2574 -11335.195176466243
-71.137 42.2602 -11586.863543499721
-71.137 42.263 -11853.42656785492
-71.137 42.2658 -12152.801617182906
-71.137 42.2686 -12502.139153148342
-71.137 42.2714 -12936.076902078561
-71.137 42.2742 -13591.400735983067
-71.137 42.277 -14861.485102056184
-71.137 42.2798 -15645.265214320269
-71.137 42.2826 -14991.220814359585
-71.137 42.2854 -15325.99120436144
-71.137 42.288199999999996 -15292.299349723486
-71.137 42.291 -15477.661342576686
-71.137 42.2938 -17306.102126565434
-71.137 42.2966 -15648.24188075778
-71.137 42.2994 -15451.720942849135
-71.137 42.3022 -15510.552692435347
-71.137 42.305 -15654.289041898304
-71.137 42.347 -24389.941748915284
-71.137 42.3498 -27082.846464665432
-71.137 42.3526 -29169.405968131465
-71.137 42.3554 -27462.659754738284
-71.137 42.3582 -23872.94460643334
-71.137 42.361 -22084.535158793304
-71.137 42.3638 -21962.95998224474
-71.13419999999999 42.2322 -9260.138783228726
-71.13419999999999 42.235 -9723.037789837908
-71.13419999999999 42.2378 -10271.707540600426
-71.13419999999999 42.2406 -10241.836009762159
-71.13419999999999 42.2434 -10328.59795657182
-71.13419999999999 42.2462 -10552.751700520475
-71.13419999999999 42.249 -10836.432103540657
-71.13419999999999 42.2518 -11133.717308321315
-71.13419999999999 42.254599999999996 -11390.555752512428
-71.13419999999999 42.2574 -11626.747216793805
-71.13419999999999 42.2602 -11856.376705493376
-71.13419999999999 42.263 -12099.421026535212
-71.13419999999999 42.2658 -12392.739527142418
-71.13419999999999 42.2686 -12784.628905197033
-71.13419999999999 42.2714 -13121.420225299658
-71.13419999999999 42.2742 -13650.084138884515
-71.13419999999999 42.277 -14441.396355760422
-71.13419999999999 42.2798 -16026.067429585906
-71.13419999999999 42.2826 -15901.302261055129
-71.13419999999999 42.2854 -15779.605381139065
-71.13419999999999 42.288199999999996 -16338.164361778217
-71.13419999999999 42.291 -15903.363707644916
-71.13419999999999 42.2938 -16215.62133402356
-71.13419999999999 42.2966 -15944.563217778592
-71.13419999999999 42.2994 -15857.878813136953
-71.13419999999999 42.3022 -15939.314155283786
-71.13419999999999 42.305 -16105.957015143218
-71.13419999999999 42.3078 -16322.614775115773
-71.13419999999999 42.347 -25465.017674820752
-71.13419999999999 42.3498 -30495.257329210257
-71.13419999999999 42.3526 -36528.01753448084
-71.13419999999999 42.3554 -39409.30714162406
-71.13419999999999 42.3582 -25927.82806121372
-71.13419999999999 42.361 -23116.50448258585
-71.13419999999999 42.3638 -22266.158317211655
-71.13419999999999 42.3666 -19760.651485872895
-71.1314 42.2294 -8989.291385057983
-71.1314 42.2322 -9341.941273198141
-71.1314 42.235 -9923.558660276109
-71.1314 42.2378 -13191.077036083481
-71.1314 42.2406 -10515.078487744915
-71.1314 42.2434 -10536.026069038488
-71.1314 42.2462 -10810.922989894752
-71.1314 42.249 -11177.105929073487
-71.1314 42.2518 -12117.996505571018
-71.1314 42.254599999999996 -11810.55199839489
-71.1314 42.2574 -12017.539975707516
-71.1314 42.2602 -12192.888786389683
-71.1314 42.263 -12373.46295454531
-71.1314 42.2658 -12616.795447447712
-71.1314 42.2686 -12959.708648388205
-71.1314 42.2714 -13267.28507571193
-71.1314 42.2742 -13717.404095835118
-71.1314 42.277 -14314.012040406453
-71.1314 42.2798 -15091.111209687633
-71.1314 42.2826 -16017.877236465209
-71.1314 42.2854 -17141.171189804478
-71.1314 42.288199999999996 -16798.606496235985
-71.1314 42.291 -16180.857392005732
-71.1314 42.2938 -16113.869113314562
-71.1314 42.2966 -16340.306663887262
-71.1314 42.2994 -16341.837244790755
-71.1314 42.3022 -16400.402389195144
-71.1314 42.305 -16593.37183631018
-71.1314 42.3078 -17476.593177570092
-71.1314 42.3106 -17066.424017047404
-71.1314 42.3134 -17312.158677322546
-71.1314 42.3498 -35617.55549099891
-71.1314 42.3526 -46849.969797540085
-71.1314 42.3554 -34821.67084471902
-71.1314 42.3582 -26516.427791251237
-71.1314 42.361 -23589.702912145323
-71.1314 42.3638 -22304.8233385049
-71.1314 42.3666 -20182.452543314932
-71.1314 42.3722 -17892.733577150513
-71.1286 42.2322 -9360.62102268996
-71.1286 42.235 -9771.069772007455
-71.1286 42.2378 -10204.466926477306
-71.1286 42.2406 -10442.277424135322
-71.1286 42.2434 -10724.65302859783
-71.1286 42.2462 -11131.98343873892
-71.1286 42.249 -11669.05209316518
-71.1286 42.2518 -12128.880735684055
-71.1286 42.254599999999996 -12427.402599453468
-71.1286 42.2574 -12639.71780709131
-71.1286 42.2602 -12656.56572043806
-71.1286 42.263 -12684.333649154667
-71.1286 42.2658 -12826.403321617521
-71.1286 42.2686 -13069.54614907426
-71.1286 42.2714 -13392.27186974534
-71.1286 42.2742 -13804.16401908219
-71.1286 42.277 -14318.055132522957
-71.1286 42.2798 -14969.207398989145
-71.1286 42.2826 -16008.335123918163
-71.1286 42.2854 -20008.825265330917
-71.1286 42.288199999999996 -17552.3875782677
-71.1286 42.291 -16463.169794768608
-71.1286 42.2938 -16345.46019819329
-71.1286 42.2966 -16469.0398659758
-71.1286 42.2994 -16645.623858962605
-71.1286 42.3022 -16836.280077110485
-71.1286 42.305 -17079.696812047332
-71.1286 42.3078 -17364.19738377483
-71.1286 42.3106 -17626.732466604906
-71.1286 42.3134 -17899.55045475114
-71.1286 42.3162 -18184.30378285907
-71.1286 42.3498 -29133.556546918127
-71.1286 42.3526 -36668.43664174665
-71.1286 42.3554 -28753.626260373658
-71.1286 42.3582 -25443.279591289607
-71.1286 42.361 -23392.981906900506
-71.1286 42.3638 -22181.73499031565
-71.1286 42.3666 -20423.72880633121
-71.1286 42.3694 -19243.289522986637
-71.1286 42.3722 -18285.857428028394
-71.1258 42.2322 -9359.810330587881
-71.1258 42.235 -9687.638154312153
-71.1258 42.2378 -10028.007093709863
-71.1258 42.2406 -10382.468213604043
-71.1258 42.2434 -10777.69483924378
-71.1258 42.2462 -11264.07618795248
-71.1258 42.249 -12338.548846917749
-71.1258 42.2518 -13394.020806864652
-71.1258 42.254599999999996 -13656.764919092364
-71.1258 42.2574 -14223.964412461466
-71.1258 42.2602 -13358.248483548467
-71.1258 42.263 -13014.032365129526
-71.1258 42.2658 -13038.90439363153
-71.1258 42.2686 -13228.394920838171
-71.1258 42.2714 -13524.279521688795
-71.1258 42.2742 -13913.459651102748
-71.1258 42.277 -14389.85689474527
-71.1258 42.2798 -14957.233285226379
-71.1258 42.2826 -15704.836200230056
-71.1258 42.2854 -16674.054661551752
-71.1258 42.288199999999996 -17128.04766782039
-71.1258 42.291 -16614.654101185097
-71.1258 42.2938 -16637.544383566245
-71.1258 42.2966 -16788.062528335475
-71.1258 42.2994 -17031.183889046002
-71.1258 42.3022 -17322.640789936497
-71.1258 42.305 -17641.008981977568
-71.1258 42.3078 -17968.16245431473
-71.1258 42.3106 -18283.545401505693
-71.1258 42.3134 -18580.305359489237
-71.1258 42.3162 -18865.778904412586
-71.1258 42.319 -19154.48907527947
-71.1258 42.3526 -30320.844704950516
-71.1258 42.3554 -26408.709232448306
-71.1258 42.3582 -24878.446082763705
-71.1258 42.361 -23095.661026008205
-71.1258 42.3638 -21881.86296667053
-71.1258 42.3666 -20789.33272002908
-71.1258 42.3694 -19628.475033330367
-71.123 42.235 -9666.218791008927
-71.123 42.2434 -10744.769969393026
-71.123 42.2462 -11266.370442448886
-71.123 42.249 -12038.704626310831
-71.123 42.2518 -13058.413225033764
-71.123 42.254599999999996 -15178.51391835992
-71.123 42.2574 -16506.441503080514
-71.123 42.2602 -13888.558728098962
-71.123 42.263 -13246.28907269389
-71.123 42.2658 -13239.353853438062
-71.123 42.2686 -13382.806066436768
-71.123 42.2714 -13655.24723571478
-71.123 42.2742 -14046.446964902323
-71.123 42.277 -14544.990457415
-71.123 42.2798 -15051.82527959298
-71.123 42.2826 -15532.390422630675
-71.123 42.2854 -16028.251638373364
-71.123 42.288199999999996 -16429.29556221816
-71.123 42.291 -17077.564717861096
-71.123 42.2938 -17090.994526551247
-71.123 42.2966 -17207.433126897726
-71.123 42.2994 -17538.024126028053
-71.123 42.3022 -17928.713071415645
-71.123 42.305 -18337.457713790376
-71.123 42.3078 -18739.830197797775
-71.123 42.3106 -19110.755435116112
-71.123 42.3134 -19415.174359143974
-71.123 42.3162 -19674.058994869963
-71.123 42.319 -19930.427272095225
-71.123 42.321799999999996 -20215.956427271605
-71.123 42.3526 -27582.05023573132
-71.123 42.3554 -25868.672909240147
-71.123 42.3582 -24309.475416323818
-71.123 42.361 -23092.323841610978
-71.123 42.3638 -22169.92584143663
-71.123 42.3666 -21622.683656883808
-71.1202 42.2434 -10721.34850945747
-71.1202 42.2462 -11210.69552550309
-71.1202 42.249 -11871.156181432338
-71.1202 42.2518 -12970.293315856798
-71.1202 42.254599999999996 -46277.33531787568
-71.1202 42.2574 -14771.300499980016
-71.1202 42.2602 -13565.05330637482
-71.1202 42.263 -13287.867729419082
-71.1202 42.2658 -13510.74026621931
-71.1202 42.2686 -13507.172859726465
-71.1202 42.2714 -13767.602227512421
-71.1202 42.2742 -14184.714811964468
-71.1202 42.277 -14927.768289387153
-71.1202 42.2798 -15598.483230354814
-71.1202 42.2826 -15592.280494570387
-71.1202 42.2854 -15998.72058180627
-71.1202 42.288199999999996 -16392.96340465501
-71.1202 42.291 -16977.480153981585
-71.1202 42.2938 -17353.73827022759
-71.1202 42.2966 -17696.291286958894
-71.1202 42.2994 -18183.03270058888
-71.1202 42.3022 -18714.9365351578
-71.1202 42.305 -19255.42372907391
-71.1202 42.3078 -19773.021094959426
-71.1202 42.3106 -20300.234777950875
-71.1202 42.3134 -20534.479345407446
-71.1202 42.3162 -20673.651961274452
-71.1202 42.319 -20859.46227952547
-71.1202 42.321799999999996 -21097.54975943981
-71.1202 42.3526 -30726.29154324006
-71.1202 42.3554 -25993.151694972577
-71.1202 42.3582 -24540.660556818257
-71.1202 42.361 -23538.250925563254
-71.1202 42.3638 -22335.736835637086
-71.1202 42.3666 -22015.250965826457
-71.1174 42.2462 -11128.527125475099
-71.1174 42.249 -11684.422147461035
-71.1174 42.2518 -12508.325292652291
-71.1174 42.254599999999996 -13094.951451507779
-71.1174 42.2574 -13304.441062115147
-71.1174 42.2602 -13224.925242255831
-71.1174 42.263 -13223.669110435962
-71.1174 42.2658 -13565.57667117501
-71.1174 42.2686 -13576.644055177594
-71.1174 42.2714 -13843.57586338141
-71.1174 42.2742 -14258.44656184756
-71.1174 42.277 -14896.400013116918
-71.1174 42.2798 -15502.620539269197
-71.1174 42.2826 -15662.754921640248
-71.1174 42.2854 -16085.843117157732
-71.1174 42.288199999999996 -16463.925722092532
-71.1174 42.291 -17038.603584565208
-71.1174 42.2938 -17693.437999384118
-71.1174 42.2966 -18378.772162705023
-71.1174 42.2994 -19114.681865029714
-71.1174 42.3022 -19839.197801047936
-71.1174 42.305 -20680.21977672994
-71.1174 42.3078 -21290.014641487916
-71.1174 42.3106 -22174.153081702345
-71.1174 42.3134 -22211.572943725692
-71.1174 42.3162 -21973.954431259896
-71.1174 42.319 -21998.25211796998
-71.1174 42.321799999999996 -22164.959031978986
-71.1174 42.3526 -33121.27890956327
-71.1174 42.361 -24120.090819525813
-71.1146 42.2462 -11037.455062650331
-71.1146 42.249 -11480.681351112647
-71.1146 42.2518 -11957.12370223703
-71.1146 42.254599999999996 -12379.323252432872
-71.1146 42.2574 -12679.682656898529
-71.1146 42.2602 -12884.253505500792
-71.1146 42.263 -13100.17194062453
-71.1146 42.2658 -13403.995140492307
-71.1146 42.2686 -13589.676385371398
-71.1146 42.2714 -13886.81272502887
-71.1146 42.2742 -14282.755275320935
-71.1146 42.277 -14778.800541630473
-71.1146 42.2798 -15293.739489307607
-71.1146 42.2826 -15778.896601781684
-71.1146 42.2854 -16169.18470424914
-71.1146 42.288199999999996 -16595.764719507377
-71.1146 42.291 -17149.554306851194
-71.1146 42.2938 -17916.458150966824
-71.1146 42.2966 -19109.9054779709
-71.1146 42.2994 -21739.69968636693
-71.1146 42.3022 -21483.153179598743
-71.1146 42.305 -33738.11253623217
-71.1146 42.3078 -23049.36605277119
-71.1146 42.3106 -29393.382577868455
-71.1146 42.3134 -25815.029000339775
-71.1146 42.3162 -23741.093121141384
-71.1146 42.319 -23576.509081929966
-71.1146 42.321799999999996 -23624.704841979838
-71.1146 42.3246 -23578.625360979288
-71.1146 42.3526 -26774.540564897772
-71.1118 42.249 -11338.598371371518
-71.1118 42.2518 -11724.344103192198
-71.1118 42.254599999999996 -12089.560307687098
-71.1118 42.2574 -12415.32780685678
-71.1118 42.263 -13004.074190423036
-71.1118 42.2658 -13288.124438991425
-71.1118 42.2686 -13583.972148143832
-71.1118 42.2714 -13921.497902870342
-71.1118 42.2742 -14313.554911071948
-71.1118 42.277 -14760.867072643836
-71.1118 42.2798 -15267.87894145018
-71.1118 42.2826 -15971.831962717684
-71.1118 42.2854 -16549.809845536878
-71.1118 42.288199999999996 -16799.683002803136
-71.1118 42.291 -17300.19577148409
-71.1118 42.2938 -18025.980979784115
-71.1118 42.2966 -19176.676688858166
-71.1118 42.2994 -21609.71411448263
-71.1118 42.3022 -21848.776149121357
-71.1118 42.305 -22382.46838922995
-71.1118 42.3078 -22826.555450894695
-71.1118 42.3106 -23586.47219655485
-71.1118 42.3134 -23976.356694332124
-71.1118 42.3162 -24167.85248718674
-71.1118 42.319 -28056.10283789984
-71.1118 42.321799999999996 -26203.630093182528
-71.1118 42.3246 -25051.201478587525
-71.1118 42.3274 -24984.221743701008
-71.1118 42.3302 -25804.72918206967
-71.1118 42.333 -26533.949020221164
-71.109 42.263 -13145.590613405011
-71.109 42.2658 -13292.705534054707
-71.109 42.2686 -13610.931807417539
-71.109 42.2714 -13970.344565676627
-71.109 42.2742 -14367.508722604973
-71.109 42.277 -14806.771504679262
-71.109 42.2798 -15300.593309466369
-71.109 42.2826 -15897.74118628162
-71.109 42.2854 -16684.081208223102
-71.109 42.288199999999996 -17149.601422137617
-71.109 42.291 -17447.469994802857
-71.109 42.2938 -18075.058709150544
-71.109 42.2966 -18951.454818789276
-71.109 42.2994 -20035.712583773427
-71.109 42.3022 -21168.01640330777
-71.109 42.305 -23509.80697979393
-71.109 42.3078 -23382.01707732618
-71.109 42.3106 -23220.005151224737
-71.109 42.3134 -23662.91794029991
-71.109 42.3162 -24287.992089240997
-71.109 42.319 -25500.09877720666
-71.109 42.321799999999996 -32051.817091619636
-71.109 42.3246 -26403.58569740806
-71.109 42.3274 -26079.995992941913
-71.109 42.3302 -26872.54813121179
-71.109 42.333 -28172.710277177994
-71.109 42.3358 -29737.062592224014
-71.109 42.3386 -31069.419162949784
-71.109 42.3414 -29987.695285862355
-71.1062 42.263 -12988.686466978308
-71.1062 42.2658 -13316.95833496086
-71.1062 42.2686 -13667.66946839674
-71.1062 42.2714 -14043.979332386632
-71.1062 42.2742 -14447.654287780244
-71.1062 42.277 -14884.824936790987
-71.1062 42.2798 -15364.071507373237
-71.1062 42.2826 -15900.637497989139
-71.1062 42.2854 -16543.253781910327
-71.1062 42.288199999999996 -17238.145700812704
-71.1062 42.291 -17525.620603575015
-71.1062 42.2938 -18103.24080991859
-71.1062 42.2966 -18843.778241457436
-71.1062 42.2994 -19728.88521536655
-71.1062 42.3022 -20856.967521723047
-71.1062 42.305 -22938.295666690025
-71.1062 42.3078 -23642.31405957163
-71.1062 42.3106 -23825.616890925707
-71.1062 42.3134 -24390.032040852566
-71.1062 42.3162 -24959.150547100646
-71.1062 42.319 -25346.49053326041
-71.1062 42.321799999999996 -26820.343148757907
-71.1062 42.3246 -26735.72709374238
-71.1062 42.3274 -26968.532274228197
-71.1062 42.3302 -28249.36340252627
-71.1062 42.333 -31756.503445510414
-71.1062 42.3358 -33090.730784420826
-71.1062 42.3386 -36672.49861053441
-71.1062 42.3414 -32627.279980621715
-71.1062 42.347 -34503.595399847516
-71.1062 42.3498 -34747.182359652455
-71.1034 42.2602 -12598.10518068355
-71.1034 42.263 -12992.834791503159
-71.1034 42.2658 -13384.039126147862
-71.1034 42.2686 -13764.673893853325
-71.1034 42.2714 -14152.429894375155
-71.1034 42.2742 -14559.312788333906
-71.1034 42.277 -14995.154147787902
-71.1034 42.2798 -15465.631400679444
-71.1034 42.2826 -15971.882499095633
-71.1034 42.2854 -16508.572802243354
-71.1034 42.288199999999996 -17041.534593343178
-71.1034 42.291 -17561.883783202855
-71.1034 42.2938 -18146.01277248207
-71.1034 42.2966 -18824.402125884986
-71.1034 42.2994 -19607.849542448654
-71.1034 42.3022 -20522.698968285218
-71.1034 42.305 -21561.257791984957
-71.1034 42.3078 -22527.09968470567
-71.1034 42.3106 -23409.474314913685
-71.1034 42.3134 -25067.010607245596
-71.1034 42.3162 -26026.32012398737
-71.1034 42.319 -25441.581865972392
-71.1034 42.321799999999996 -26646.348934229667
-71.1034 42.3246 -27247.529872406052
-71.1034 42.3274 -27667.51554754071
-71.1034 42.3302 -29342.812786802966
-71.1034 42.333 -35980.50058223052
-71.1034 42.3358 -34210.825099660375
-71.1034 42.3386 -34357.578182834724
-71.1034 42.3414 -34394.72559492286
-71.1034 42.3442 -36236.57463130343
-71.1034 42.347 -39935.776755965046
-71.1034 42.3498 -35451.14582455594
-71.1006 42.263 -13085.704749612658
-71.1006 42.2658 -13577.853401826176
-71.1006 42.2686 -13929.790880424325
-71.1006 42.2714 -14313.900321728654
-71.1006 42.2742 -14712.131102735237
-71.1006 42.277 -15145.517006209082
-71.1006 42.2798 -15617.412438610449
-71.1006 42.2826 -16118.562059180183
-71.1006 42.2854 -16630.535884390138
-71.1006 42.288199999999996 -17138.48235375743
-71.1006 42.291 -17659.140794014846
-71.1006 42.2938 -18227.132333407808
-71.1006 42.2966 -18864.364135194905
-71.1006 42.2994 -19579.451885908155
-71.1006 42.3022 -20374.170364763384
-71.1006 42.305 -21236.338924734635
-71.1006 42.3078 -22160.755130798767
-71.1006 42.3106 -23318.675880136667
-71.1006 42.3134 -33243.39348793041
-71.1006 42.3162 -25331.545395800837
-71.1006 42.319 -25519.40408678522
-71.1006 42.321799999999996 -26284.189697816102
-71.1006 42.3246 -27153.87152217705
-71.1006 42.3274 -28291.19677286431
-71.1006 42.3302 -29806.989441584876
-71.1006 42.333 -32319.83009676944
-71.1006 42.3358 -33785.70783594647
-71.1006 42.3386 -35408.40959410488
-71.1006 42.3414 -37215.09850786137
-71.1006 42.3442 -41693.74690716112
-71.1006 42.347 -42289.20723176961
-71.1006 42.3498 -45810.38007159467
-71.09779999999999 42.263 -13189.119444905737
-71.09779999999999 42.2658 -13773.224552870213
-71.09779999999999 42.2686 -14229.592407500042
-71.09779999999999 42.2714 -14571.867796168683
-71.09779999999999 42.2742 -14918.246007050428
-71.09779999999999 42.277 -15348.579335338674
-71.09779999999999 42.2798 -15839.649415911937
-71.09779999999999 42.2826 -16370.815541968936
-71.09779999999999 42.2854 -16896.909082872044
-71.09779999999999 42.288199999999996 -17357.32644402328
-71.09779999999999 42.291 -17824.539832769304
-71.09779999999999 42.2938 -18354.695663456754
-71.09779999999999 42.2966 -18957.512034554158
-71.09779999999999 42.2994 -19631.198356016583
-71.09779999999999 42.3022 -20372.501355817316
-71.09779999999999 42.305 -21181.203869147288
-71.09779999999999 42.3078 -22078.662733198213
-71.09779999999999 42.3106 -23167.36100797219
-71.09779999999999 42.3134 -24681.150370547628
-71.09779999999999 42.3162 -25921.672564039378
-71.09779999999999 42.319 -25663.87737191907
-71.09779999999999 42.321799999999996 -26390.46691068786
-71.09779999999999 42.3246 -27376.92551373575
-71.09779999999999 42.3274 -28622.19600176658
-71.09779999999999 42.3302 -30280.47701352074
-71.09779999999999 42.333 -32066.853342699673
-71.09779999999999 42.3358 -33758.59377295696
-71.09779999999999 42.3386 -36710.09393450428
-71.09779999999999 42.3414 -39549.572329733775
-71.09779999999999 42.3442 -46905.72438218816
-71.09779999999999 42.347 -51129.075552242524
-71.09779999999999 42.3498 -41314.251255997675
-71.095 42.2686 -15264.233023284434
-71.095 42.2714 -15050.142409589938
-71.095 42.2742 -15170.72127461332
-71.095 42.277 -15674.249311570067
-71.095 42.2798 -16190.589411202163
-71.095 42.2826 -16811.809727797554
-71.095 42.2854 -17585.531026666544
-71.095 42.288199999999996 -17736.09329881673
-71.095 42.291 -18051.578011015317
-71.095 42.2938 -18524.858715373528
-71.095 42.2966 -19099.490929452204
-71.095 42.2994 -19750.848049392418
-71.095 42.3022 -20468.61538083542
-71.095 42.305 -21252.525725139254
-71.095 42.3078 -22118.36847358962
-71.095 42.3106 -23091.86118167997
-71.095 42.3134 -24166.976550481384
-71.095 42.3162 -24979.958755373285
-71.095 42.319 -25805.59908615787
-71.095 42.321799999999996 -26793.948426163497
-71.095 42.3246 -27818.665789379003
-71.095 42.3274 -29138.40379104981
-71.095 42.3302 -31029.876806113996
-71.095 42.333 -32553.34461772889
-71.095 42.3358 -34427.04742313755
-71.095 42.3386 -37272.67205362197
-71.095 42.3414 -39759.0203415904
-71.095 42.3442 -44281.68853881883
-71.095 42.347 -51393.861159974935
-71.095 42.3498 -46605.06018231939
-71.0922 42.2686 -16295.307272766342
-71.0922 42.2714 -15194.476398275441
-71.0922 42.2742 -15260.35538903036
-71.0922 42.277 -15837.954721547312
-71.0922 42.2798 -16870.77492598224
-71.0922 42.2826 -17442.81656578795
-71.0922 42.2854 -23091.681464927307
-71.0922 42.288199999999996 -18245.37324573661
-71.0922 42.291 -18306.95059391925
-71.0922 42.2938 -18728.043282596038
-71.0922 42.2966 -19289.493947194554
-71.0922 42.2994 -19935.129245194283
-71.0922 42.3022 -20648.498422903747
-71.0922 42.305 -21419.12807334368
-71.0922 42.3078 -22281.390819747194
-71.0922 42.3106 -23282.494880523496
-71.0922 42.3134 -24104.489931408123
-71.0922 42.3162 -25028.920932118293
-71.0922 42.319 -26121.7757281181
-71.0922 42.321799999999996 -34847.486448859454
-71.0922 42.3246 -28379.044054737707
-71.0922 42.3274 -29684.764966355517
-71.0922 42.3302 -31347.578756750347
-71.0922 42.333 -33283.18775532539
-71.0922 42.3358 -35611.90909337773
-71.0922 42.3386 -38875.23444094115
-71.0922 42.3414 -41287.88879383132
-71.0922 42.3442 -43261.48291847329
-71.0922 42.347 -44873.13315833778
-71.0922 42.3498 -43298.29386850767
-71.0894 42.2714 -14805.750232804123
-71.0894 42.2742 -15179.82846167088
-71.0894 42.277 -15700.051248067462
-71.0894 42.2798 -16349.757087330625
-71.0894 42.2826 -17323.848975374076
-71.0894 42.2854 -18161.044182640355
-71.0894 42.288199999999996 -18338.628451988625
-71.0894 42.291 -18619.568180740614
-71.0894 42.2938 -18968.20739950639
-71.0894 42.2966 -19564.15993237547
-71.0894 42.2994 -20199.344076970254
-71.0894 42.3022 -20955.76837597997
-71.0894 42.305 -21689.11892248434
-71.0894 42.3078 -22498.39495778922
-71.0894 42.3106 -23422.135751397047
-71.0894 42.3134 -24483.967240168444
-71.0894 42.3162 -25295.888829962907
-71.0894 42.319 -26407.325290271197
-71.0894 42.321799999999996 -27660.704884155748
-71.0894 42.3246 -28905.802190359682
-71.0894 42.3274 -30384.46236552103
-71.0894 42.3302 -32155.702362380533
-71.0894 42.333 -34355.76753449132
-71.0894 42.3358 -37308.97793460814
-71.0894 42.3386 -41728.84161290365
-71.0894 42.3414 -46063.264765659915
-71.0894 42.3442 -47834.11798883738
-71.0894 42.347 -52392.55558804524
-71.0894 42.3498 -51518.20613521138
-71.0866 42.2714 -14623.312013860874
-71.0866 42.2742 -15108.890603651458
-71.0866 42.277 -15667.153868906256
-71.0866 42.2798 -16331.560226502173
-71.0866 42.2826 -16966.220254228738
-71.0866 42.2854 -17534.307827083485
-71.0866 42.288199999999996 -18039.512156199726
-71.0866 42.291 -18572.06783947846
-71.0866 42.2938 -19138.428603460725
-71.0866 42.2966 -20096.313657116683
-71.0866 42.2994 -20651.35886376599
-71.0866 42.3022 -21482.497974665013
-71.0866 42.305 -22078.988279577185
-71.0866 42.3078 -22823.104925124804
-71.0866 42.3106 -23706.405874702505
-71.0866 42.3134 -24647.08499121849
-71.0866 42.3162 -25705.444417919767
-71.0866 42.319 -26867.646294911996
-71.0866 42.321799999999996 -28168.399655843208
-71.0866 42.3246 -29606.793390063034
-71.0866 42.3274 -31356.43522867927
-71.0866 42.3302 -33390.83911468077
-71.0866 42.333 -35487.096034143986
-71.0866 42.3358 -38778.26892784346
-71.0866 42.3386 -42976.10535783908
-71.0866 42.3414 -52051.413410272326
-71.0866 42.3442 -52826.05784480992
-71.0866 42.347 -59594.810469509415
-71.0866 42.3498 -53582.89300773461
-71.0866 42.3526 -45599.31877582332
-71.0838 42.2714 -14550.983421580258
-71.0838 42.2742 -15076.234078428088
-71.0838 42.277 -15668.86705939246
-71.0838 42.2798 -16611.384353338264
-71.0838 42.2826 -16987.53847122666
-71.0838 42.2854 -17467.64869189006
-71.0838 42.288199999999996 -18026.871748917933
-71.0838 42.291 -18590.076568107765
-71.0838 42.2938 -19202.9051864709
-71.0838 42.2966 -19894.03030490537
-71.0838 42.2994 -20685.92866352325
-71.0838 42.3022 -21732.949219316666
-71.0838 42.305 -22403.717666217362
-71.0838 42.3078 -23412.472897345036
-71.0838 42.3106 -24329.92039996307
-71.0838 42.3134 -25087.200385256503
-71.0838 42.3162 -26387.5667455532
-71.0838 42.319 -27782.07657914177
-71.0838 42.321799999999996 -28752.355149824336
-71.0838 42.3246 -30284.97612089164
-71.0838 42.3274 -32794.34905338255
-71.0838 42.3302 -35034.814517071216
-71.0838 42.333 -36856.2431517992
-71.0838 42.3358 -40458.73965216659
-71.0838 42.3386 -45091.51028941291
-71.0838 42.3414 -50474.67013683353
-71.0838 42.3442 -53430.235919715415
-71.0838 42.347 -65973.10731670242
-71.0838 42.3498 -68584.94460822063
-71.0838 42.3526 -49352.978498660115
-71.081 42.2714 -14536.679995638564
-71.081 42.2742 -15076.664067818228
-71.081 42.277 -15662.466008562544
-71.081 42.2798 -16316.71580199515
-71.081 42.2826 -16939.63601979476
-71.081 42.2854 -17611.372379555178
-71.081 42.288199999999996 -18249.997154654517
-71.081 42.291 -18753.873342687268
-71.081 42.2938 -19360.915400197206
-71.081 42.2966 -20059.11444439842
-71.081 42.2994 -20848.83122974014
-71.081 42.3022 -21749.236546697364
-71.081 42.305 -22608.838153013905
-71.081 42.3078 -23620.574852536556
-71.081 42.3106 -24632.78747641699
-71.081 42.3134 -25510.531513311522
-71.081 42.3162 -27089.749843201993
-71.081 42.319 -30116.4412654364
-71.081 42.321799999999996 -29339.109184758017
-71.081 42.3246 -30851.55781267878
-71.081 42.3274 -33483.95537142891
-71.081 42.3302 -35435.78257474391
-71.081 42.333 -37452.78615197221
-71.081 42.3358 -40764.2806857225
-71.081 42.3386 -45036.489801157855
-71.081 42.3414 -51977.04509305308
-71.081 42.3442 -54838.3621298458
-71.081 42.347 -63427.765011195115
-71.081 42.3498 -79725.79018819409
-71.081 42.3526 -52803.381319395296
-71.0782 42.2714 -14575.980241096866
-71.0782 42.2742 -15119.390784829626
-71.0782 42.277 -15693.417176481398
-71.0782 42.2798 -16320.072176404383
-71.0782 42.2826 -17007.249950700883
-71.0782 42.2854 -17907.338750094048
-71.0782 42.288199999999996 -18984.7373826833
-71.0782 42.291 -19004.42390505215
-71.0782 42.2938 -19606.76716833271
-71.0782 42.2966 -20330.408480268892
-71.0782 42.2994 -21160.616240683394
-71.0782 42.3022 -22183.29204875186
-71.0782 42.305 -22910.24921666878
-71.0782 42.3078 -23702.87195411799
-71.0782 42.3106 -24655.889083006823
-71.0782 42.3134 -25762.31552219853
-71.0782 42.3162 -27113.861664337357
-71.0782 42.319 -29785.547842448563
-71.0782 42.321799999999996 -29950.95549609249
-71.0782 42.3246 -31213.11787690116
-71.0782 42.3274 -33145.558171235345
-71.0782 42.3302 -35385.24372552917
-71.0782 42.333 -37884.65658643197
-71.0782 42.3358 -41361.32263249984
-71.0782 42.3386 -45305.37334725931
-71.0782 42.3414 -50263.95384101585
-71.0782 42.3442 -58706.51480435837
-71.0782 42.347 -73092.3445546437
-71.0782 42.3498 -68890.25529421744
-71.0782 42.3526 -56305.44485627796
-71.0782 42.3554 -49271.91827864488
-71.0782 42.3834 -25437.167743919785
-71.0754 42.2714 -14767.636916437694
-71.0754 42.2742 -15229.027275427561
-71.0754 42.277 -15777.24464169936
-71.0754 42.2798 -16424.869120529074
-71.0754 42.2826 -17162.852983512163
-71.0754 42.2854 -17978.51083402812
-71.0754 42.288199999999996 -18719.64949458277
-71.0754 42.291 -19339.680423094665
-71.0754 42.2938 -19978.590646041637
-71.0754 42.2966 -20723.671378663348
-71.0754 42.2994 -22118.292145351676
-71.0754 42.3022 -22362.907443843065
-71.0754 42.305 -23042.236659064904
-71.0754 42.3078 -24003.254387870154
-71.0754 42.3106 -24973.65450724869
-71.0754 42.3134 -26571.149856762186
-71.0754 42.3162 -27318.90212777742
-71.0754 42.319 -28793.08120414796
-71.0754 42.321799999999996 -30241.061443236154
-71.0754 42.3246 -32191.851787599408
-71.0754 42.3274 -33355.22264279228
-71.0754 42.3302 -35589.31726701565
-71.0754 42.333 -38642.4365525698
-71.0754 42.3358 -43053.37762701324
-71.0754 42.3386 -47734.33260686995
-71.0754 42.3414 -51945.145201696265
-71.0754 42.3442 -57340.278925398394
-71.0754 42.347 -73889.44908578722
-71.0754 42.3498 -68805.669597361
-71.0754 42.3526 -60011.32726507817
-71.0754 42.3554 -53299.58506085843
-71.0754 42.3806 -27175.32988309019
-71.0754 42.3834 -25528.822357124616
-71.0754 42.3862 -24006.318482273295
-71.0754 42.389 -22463.982549865243
-71.0726 42.2714 -14986.901446734677
-71.0726 42.2742 -15395.90067096565
-71.0726 42.277 -15898.505950117373
-71.0726 42.2798 -16616.621356383537
-71.0726 42.2826 -17567.989131933966
-71.0726 42.2854 -18797.46032519145
-71.0726 42.288199999999996 -19244.432503780205
-71.0726 42.291 -20293.93512740007
-71.0726 42.2938 -20768.563875305445
-71.0726 42.2966 -21108.984619954204
-71.0726 42.2994 -22186.23703117681
-71.0726 42.3022 -22612.60762663313
-71.0726 42.305 -23351.44725019941
-71.0726 42.3078 -24243.556804321066
-71.0726 42.3106 -25268.460832922086
-71.0726 42.3134 -26506.30670872812
-71.0726 42.3162 -27592.025978203445
-71.0726 42.319 -28993.507845995642
-71.0726 42.321799999999996 -32465.665093415082
-71.0726 42.3246 -32194.876210060494
-71.0726 42.3274 -33764.01119791575
-71.0726 42.3302 -36023.270158296706
-71.0726 42.333 -39166.968101247185
-71.0726 42.3358 -43161.7434915362
-71.0726 42.3386 -47052.36019749002
-71.0726 42.3414 -54082.96261785404
-71.0726 42.3442 -62342.00253253697
-71.0726 42.347 -67736.16505841709
-71.0726 42.3498 -74196.6755584686
-71.0726 42.3526 -68087.32694021778
-71.0726 42.3554 -58887.24778430802
-71.0726 42.3582 -54817.94621939883
-71.0726 42.361 -50626.428703237165
-71.0726 42.3638 -45601.84559694857
-71.0726 42.375 -32399.11755656871
-71.0726 42.3778 -30061.778595338157
-71.0726 42.3806 -27968.56168255435
-71.0726 42.3834 -26184.968089602375
-71.0726 42.3862 -24434.3867710513
-71.0698 42.2714 -15510.110512542436
-71.0698 42.2742 -15826.817021815265
-71.0698 42.277 -16023.43006774663
-71.0698 42.2798 -16664.027115705227
-71.0698 42.2826 -17539.32914849448
-71.0698 42.2854 -18389.77949234774
-71.0698 42.288199999999996 -19080.92882683528
-71.0698 42.291 -20058.724293821568
-71.0698 42.2938 -20665.91660795104
-71.0698 42.2966 -21218.485931903648
-71.0698 42.2994 -22051.566123613775
-71.0698 42.3022 -22956.678838303334
-71.0698 42.305 -23978.44945220787
-71.0698 42.3078 -24844.978673685913
-71.0698 42.3106 -25677.518980982397
-71.0698 42.3134 -26801.026130161674
-71.0698 42.3162 -28112.293556906057
-71.0698 42.319 -29717.554966578937
-71.0698 42.321799999999996 -30975.417271905673
-71.0698 42.3246 -32656.78354974619
-71.0698 42.3274 -34611.38911204886
-71.0698 42.3302 -36478.70181092
-71.0698 42.333 -39014.98826343451
-71.0698 42.3358 -42319.14593648042
-71.0698 42.3386 -46936.954371544
-71.0698 42.3414 -57879.84902937438
-71.0698 42.3442 -63629.15387118184
-71.0698 42.347 -71273.30170041833
-71.0698 42.3498 -79164.01658752603
-71.0698 42.3526 -71666.06207515065
-71.0698 42.3554 -64707.00265089919
-71.0698 42.3582 -68040.64460665267
-71.0698 42.361 -59764.48366680782
-71.0698 42.3638 -50834.87682633118
-71.0698 42.3666 -44956.56327820753
-71.0698 42.3722 -37190.54021584586
-71.0698 42.375 -34244.26924503743
-71.0698 42.3778 -31431.452954733064
-71.0698 42.3806 -28875.519850110108
-71.0698 42.3834 -26818.557944673135
-71.067 42.2742 -16193.074448367404
-71.067 42.277 -16079.575399553978
-71.067 42.2798 -16607.739935847785
-71.067 42.2826 -17352.371783923507
-71.067 42.2854 -18248.303361714727
-71.067 42.288199999999996 -18950.898792427815
-71.067 42.291 -19727.106623432894
-71.067 42.2938 -20567.180517740308
-71.067 42.2966 -21457.47443430114
-71.067 42.2994 -22593.024242763728
-71.067 42.3022 -23643.038047746068
-71.067 42.305 -24989.070041339597
-71.067 42.3078 -26733.469007438132
-71.067 42.3106 -26243.91668355181
-71.067 42.3134 -27566.643267134397
-71.067 42.3162 -29706.410595362544
-71.067 42.319 -30474.693978227264
-71.067 42.321799999999996 -31430.146404924206
-71.067 42.3246 -33342.73935307282
-71.067 42.3274 -37807.75999657186
-71.067 42.3302 -36731.09077876666
-71.067 42.333 -38410.0893099025
-71.067 42.3358 -41521.74949083047
-71.067 42.3386 -46893.61493045545
-71.067 42.3414 -54262.983869725584
-71.067 42.3442 -59204.71316874697
-71.067 42.347 -66260.66360300638
-71.067 42.3498 -87750.64202955474
-71.067 42.3526 -85522.36061038701
-71.067 42.3554 -69577.92236318858
-71.067 42.3582 -64839.60743157672
-71.067 42.361 -69400.5650791234
-71.067 42.3638 -55621.32148191038
-71.067 42.3666 -48819.96514553561
-71.067 42.3722 -40197.955928199604
-71.067 42.375 -38350.7699842471
-71.067 42.3778 -37531.22112441802
-71.067 42.3806 -29789.309541390616
-71.067 42.3834 -27233.581839924525
-71.0642 42.2714 -14694.59306273058
-71.0642 42.2742 -15302.678850392478
-71.0642 42.277 -15866.043016703803
-71.0642 42.2798 -16511.305411997684
-71.0642 42.2826 -17366.64104301023
-71.0642 42.2854 -18990.315128270966
-71.0642 42.288199999999996 -19044.25525688641
-71.0642 42.291 -19996.218876000472
-71.0642 42.2938 -21041.517671415895
-71.0642 42.2966 -22020.836757875426
-71.0642 42.2994 -23637.717178859217
-71.0642 42.3022 -24174.5390044657
-71.0642 42.305 -25033.6716113498
-71.0642 42.3078 -26003.256632223685
-71.0642 42.3106 -26732.47141932763
-71.0642 42.3134 -28103.103898886482
-71.0642 42.3162 -31213.302890690233
-71.0642 42.319 -31092.31700493853
-71.0642 42.321799999999996 -32246.3908350706
-71.0642 42.3246 -33288.993782296355
-71.0642 42.3274 -34841.270813196505
-71.0642 42.3302 -35996.43083628595
-71.0642 42.333 -38015.56484369128
-71.0642 42.3358 -40956.15537844873
-71.0642 42.3386 -44850.715572490306
-71.0642 42.3414 -50384.059813673906
-71.0642 42.3442 -57156.17885606513
-71.0642 42.347 -65359.405928883425
-71.0642 42.3498 -87475.15498387514
-71.0642 42.3526 -96136.33459266958
-71.0642 42.3554 -78578.83184346963
-71.0642 42.3582 -72964.97378142294
-71.0642 42.361 -70790.98078839722
-71.0642 42.3638 -63410.47200017215
-71.0642 42.3666 -54414.32475121872
-71.0642 42.3694 -47060.54080836102
-71.0642 42.3722 -43200.331557809
-71.0642 42.375 -40012.38144752035
-71.0642 42.3778 -34272.09320722583
-71.0642 42.3806 -30598.61406756402
-71.0642 42.3834 -27662.39082346348
-71.06139999999999 42.2714 -14386.03644320246
-71.06139999999999 42.2742 -15010.002506186152
-71.06139999999999 42.277 -15674.945323054593
-71.06139999999999 42.2798 -16425.44926892166
-71.06139999999999 42.2826 -17259.679650045262
-71.06139999999999 42.2854 -18078.619888191795
-71.06139999999999 42.288199999999996 -18870.595839314123
-71.06139999999999 42.291 -20033.940149145626
-71.06139999999999 42.2938 -23052.6590235541
-71.06139999999999 42.2966 -22896.203661721058
-71.06139999999999 42.2994 -26031.566692941953
-71.06139999999999 42.3022 -25515.510190156623
-71.06139999999999 42.305 -25921.10045996048
-71.06139999999999 42.3078 -26816.527585577274
-71.06139999999999 42.3106 -27493.30977847249
-71.06139999999999 42.3134 -28372.65848522722
-71.06139999999999 42.3162 -29660.332538298204
-71.06139999999999 42.319 -31287.61862020209
-71.06139999999999 42.321799999999996 -34029.01237007784
-71.06139999999999 42.3246 -33183.533464133034
-71.06139999999999 42.3274 -34474.44813298152
-71.06139999999999 42.3302 -35890.4883810608
-71.06139999999999 42.333 -37705.11073795813
-71.06139999999999 42.3358 -40263.846130027865
-71.06139999999999 42.3386 -43690.129452919755
-71.06139999999999 42.3414 -48274.58542492947
-71.06139999999999 42.3442 -54100.97734632336
-71.06139999999999 42.347 -62539.40205066724
-71.06139999999999 42.3498 -80455.80960535452
-71.06139999999999 42.3526 -92495.71023866949
-71.06139999999999 42.3554 -97412.01743185538
-71.06139999999999 42.3582 -96168.36517296176
-71.06139999999999 42.361 -76404.65329474364
-71.06139999999999 42.3638 -90943.91399255325
-71.06139999999999 42.3666 -61846.25573246145
-71.06139999999999 42.3694 -49966.41203515118
-71.06139999999999 42.3722 -47650.08373049291
-71.06139999999999 42.375 -40146.21649570785
-71.06139999999999 42.3778 -34521.85966302217
-71.06139999999999 42.3806 -30772.92891772279
-71.0586 42.2714 -14198.028939951613
-71.0586 42.2742 -14831.293414971036
-71.0586 42.277 -15559.64723595125
-71.0586 42.2798 -16465.43971781549
-71.0586 42.2826 -17568.916448434356
-71.0586 42.2854 -18199.64901836914
-71.0586 42.288199999999996 -18715.50314669478
-71.0586 42.291 -19584.963625098317
-71.0586 42.2938 -20808.083478654073
-71.0586 42.2966 -22682.879189073166
-71.0586 42.2994 -26833.01708833387
-71.0586 42.3022 -25798.286156220667
-71.0586 42.305 -28634.199741249708
-71.0586 42.3078 -37555.59953240841
-71.0586 42.3106 -29257.933413539024
-71.0586 42.3134 -29797.392798370754
-71.0586 42.3162 -29831.169437884222
-71.0586 42.319 -31446.36056919238
-71.0586 42.321799999999996 -32491.149082768738
-71.0586 42.3246 -32874.00848391486
-71.0586 42.3274 -34886.404923827504
-71.0586 42.3302 -49596.917680276834
-71.0586 42.333 -37591.73518149816
-71.0586 42.3358 -39690.80848458368
-71.0586 42.3386 -42901.79830016624
-71.0586 42.3414 -47547.256251019186
-71.0586 42.3442 -52421.822076936085
-71.0586 42.347 -59005.614981308994
-71.0586 42.3498 -73463.80943231053
-71.0586 42.3526 -84315.32900432676
-71.0586 42.3554 -91474.79315028041
-71.0586 42.3582 -98116.21684842826
-71.0586 42.361 -85165.35040106473
-71.0586 42.3638 -78361.61039071513
-71.0586 42.3666 -65777.2255539855
-71.0586 42.3722 -43974.870236115086
-71.0586 42.375 -38327.5807925838
-71.0586 42.3778 -34325.87233037812
-71.0586 42.3806 -30498.51314299883
-71.0586 42.3834 -27758.150730753277
-71.0558 42.277 -15433.870121421587
-71.0558 42.2798 -16533.93506488833
-71.0558 42.2826 -20712.566437310084
-71.0558 42.2854 -18940.306061690408
-71.0558 42.288199999999996 -18573.208609671823
-71.0558 42.291 -19241.066622024617
-71.0558 42.2938 -20268.534855474514
-71.0558 42.2966 -21717.08916304021
-71.0558 42.2994 -23302.41794515071
-71.0558 42.3022 -24065.013232222776
-71.0558 42.305 -25234.688612737547
-71.0558 42.3078 -26639.659721756598
-71.0558 42.3106 -28018.540766536138
-71.0558 42.3134 -29080.694827198353
-71.0558 42.3162 -29608.429950503647
-71.0558 42.319 -32743.43441155479
-71.0558 42.321799999999996 -33187.407081973564
-71.0558 42.3246 -32010.986096181306
-71.0558 42.3274 -33472.58997058791
-71.0558 42.3302 -36923.13943070357
-71.0558 42.333 -37097.509607164684
-71.0558 42.3358 -39081.878502552536
-71.0558 42.3386 -42261.30680387812
-71.0558 42.3414 -49045.09458520172
-71.0558 42.3442 -51193.632548004265
-71.0558 42.347 -55316.94842920701
-71.0558 42.3498 -68169.43266155975
-71.0558 42.3526 -74242.87686484608
-71.0558 42.3554 -86063.66044233077
-71.0558 42.3582 -98839.45197733541
-71.0558 42.361 -102818.87080703472
-71.0558 42.3638 -107126.22389242318
-71.0558 42.3666 -66316.71730793339
-71.0558 42.375 -37389.15062977437
-71.0558 42.3778 -33314.1562471128
-71.0558 42.3806 -30086.947644506145
-71.0558 42.3834 -27483.65962084204
-71.053 42.2798 -16200.878851875657
-71.053 42.2826 -17496.78234890924
-71.053 42.2854 -17993.811411646835
-71.053 42.288199999999996 -18251.774715140302
-71.053 42.291 -18925.498164546698
-71.053 42.2938 -19866.560530966428
-71.053 42.2966 -20971.31601970008
-71.053 42.2994 -21991.62717948729
-71.053 42.3022 -23246.70891238284
-71.053 42.305 -24067.753396882228
-71.053 42.3078 -24770.711401851
-71.053 42.3106 -26798.36078795655
-71.053 42.3134 -27226.836768999176
-71.053 42.3162 -27687.75001642087
-71.053 42.319 -28714.40894212305
-71.053 42.321799999999996 -29680.43375143732
-71.053 42.3246 -30665.008720797163
-71.053 42.3274 -32123.207673686615
-71.053 42.3302 -34347.59370895977
-71.053 42.333 -36338.33855260096
-71.053 42.3358 -38439.65667018779
-71.053 42.3386 -42142.40373941763
-71.053 42.3414 -45084.384930826884
-71.053 42.3442 -47921.7939879636
-71.053 42.347 -52203.925362969334
-71.053 42.3526 -66561.17045102073
-71.053 42.3554 -80835.6539695374
-71.053 42.3582 -114043.53717938546
-71.053 42.361 -85317.60434163979
-71.053 42.3638 -86599.78484647258
-71.053 42.3666 -63069.366295293185
-71.053 42.375 -36407.3903023941
-71.053 42.3778 -32573.85092522952
-71.053 42.3806 -29563.442216765765
-71.053 42.3834 -27108.477492614184
-71.0502 42.2798 -15842.543814908031
-71.0502 42.2826 -16862.15566581722
-71.0502 42.2854 -17375.842584083653
-71.0502 42.288199999999996 -17887.86621640427
-71.0502 42.291 -18674.108732909463
-71.0502 42.2938 -19769.548121499185
-71.0502 42.2966 -21100.737573523336
-71.0502 42.2994 -21714.807895511494
-71.0502 42.3022 -22054.819199558373
-71.0502 42.3106 -24463.372727470654
-71.0502 42.3134 -25431.689096226004
-71.0502 42.3162 -26578.888098536758
-71.0502 42.319 -27640.21541535404
-71.0502 42.321799999999996 -28537.76994237712
-71.0502 42.3246 -29596.432284363236
-71.0502 42.3274 -31044.464856103103
-71.0502 42.3302 -33006.18605364865
-71.0502 42.333 -35351.64901791159
-71.0502 42.3358 -38177.45542292324
-71.0502 42.3386 -46027.20637754966
-71.0502 42.3414 -42911.795338462296
-71.0502 42.3442 -45317.68696009876
-71.0502 42.347 -50169.57896230077
-71.0502 42.3498 -63452.41887133005
-71.0502 42.3554 -63531.64288327247
-71.0502 42.3582 -67448.28807591257
-71.0502 42.3638 -62284.54988218045
-71.0502 42.3666 -52268.44784737958
-71.0502 42.3722 -39632.91823616977
-71.0502 42.3778 -31701.323886805218
-71.0502 42.3806 -28950.01338876632
-71.0502 42.3834 -26649.43020235939
-71.0474 42.2798 -15575.641239962912
-71.0474 42.2826 -18970.76837336759
-71.0474 42.2854 -17207.762797318883
-71.0474 42.288199999999996 -17580.32835972666
-71.0474 42.291 -18573.400619718348
-71.0474 42.2938 -20512.51198750408
-71.0474 42.2966 -21019.845947456713
-71.0474 42.2994 -20850.849283481777
-71.0474 42.305 -21682.311969555816
-71.0474 42.3078 -22405.47984035015
-71.0474 42.3106 -23257.70627990754
-71.0474 42.3134 -24230.84098775081
-71.0474 42.3162 -25611.1447696954
-71.0474 42.319 -26788.980877882146
-71.0474 42.321799999999996 -29208.98458143702
-71.0474 42.3274 -30125.868993443815
-71.0474 42.3302 -32780.32010101822
-71.0474 42.333 -35101.23179672243
-71.0474 42.3358 -40278.2749805767
-71.0474 42.3386 -39612.499741309824
-71.0474 42.3414 -40600.919326375006
-71.0474 42.3442 -43013.93985712242
-71.0474 42.347 -46165.07981755171
-71.0474 42.3498 -53326.42049836918
-71.0474 42.3526 -52052.94282275313
-71.0446 42.277 -14363.403022401584
-71.0446 42.2798 -15082.33737810572
-71.0446 42.2826 -15975.11706816404
-71.0446 42.2854 -16896.220198130184
-71.0446 42.288199999999996 -17194.006311352652
-71.0446 42.291 -18030.762151083487
-71.0446 42.3022 -20514.49021288546
-71.0446 42.3162 -24372.227673904563
-71.0446 42.319 -27946.034439611543
-71.0446 42.321799999999996 -26772.454506149184
-71.0446 42.3302 -31430.967427527492
-71.0446 42.333 -33791.633977487145
-71.0446 42.3358 -37224.04965481696
-71.0446 42.3386 -37347.10450133336
-71.0446 42.3414 -38855.07056556602
-71.0446 42.3442 -45945.0566783947
-71.0446 42.347 -44668.87367875851
-71.0446 42.3498 -45761.737025975664
-71.0446 42.3526 -50975.70247716406
-71.0418 42.2826 -15257.856233398257
-71.0418 42.2854 -15901.724747028966
-71.0418 42.288199999999996 -16553.06692897962
-71.0418 42.3134 -22349.522874110124
-71.0418 42.3162 -23235.186070001986
-71.0418 42.319 -24248.058304489696
-71.0418 42.3302 -30648.70849451033
-71.0418 42.333 -32245.637750548878
-71.0418 42.3358 -34431.60951658789
-71.0418 42.3386 -35106.037521303
-71.0418 42.3414 -36452.54494789037
-71.0418 42.3442 -39347.89624437986
-71.0418 42.347 -43062.385797573304
-71.0418 42.3498 -46626.74610408243
-71.0418 42.3666 -36911.82402152807
-71.0418 42.3694 -36707.35370094994
-71.0418 42.3722 -35437.49800171436
-71.0418 42.375 -33067.2755155341
-71.0418 42.3778 -30199.674848985716
-71.0418 42.3806 -27460.35564047644
-71.039 42.288199999999996 -15956.378894316851
-71.039 42.291 -16840.874395684485
-71.039 42.3134 -23766.252874391084
-71.039 42.3162 -22252.99993765299
-71.039 42.319 -23058.17399871874
-71.039 42.3302 -28418.74245275289
-71.039 42.333 -30503.058811486208
-71.039 42.3358 -33550.64970303904
-71.039 42.3386 -33562.547629168985
-71.039 42.3414 -33992.85025193556
-71.039 42.3442 -35780.088423496425
-71.039 42.347 -40824.30376305529
-71.039 42.3498 -41511.08734897138
-71.039 42.3526 -37556.9340905495
-71.039 42.3638 -34499.43935434292
-71.039 42.3666 -34646.66307669826
-71.039 42.3694 -40074.395058992646
-71.039 42.3722 -39885.74873712408
-71.039 42.375 -38741.19765084589
-71.039 42.3778 -31681.160299075873
-71.039 42.3806 -27143.574915127552
-71.039 42.3834 -24585.68601593815
-71.0362 42.3134 -20596.560681962485
-71.0362 42.3162 -21271.352733424716
-71.0362 42.3302 -26784.42113212005
-71.0362 42.333 -28964.154029820642
-71.0362 42.3358 -36441.925801308156
-71.0362 42.3386 -33345.49560673876
-71.0362 42.3414 -31762.6307139991
-71.0362 42.3442 -38336.64130841465
-71.0362 42.347 -34654.949824621115
-71.0362 42.3666 -32315.0447861776
-71.0362 42.3694 -32777.99897286689
-71.0362 42.3722 -35530.22384577453
-71.0362 42.375 -33505.91426337842
-71.0362 42.3778 -29885.79920486389
-71.0362 42.3806 -26199.002262964597
-71.0362 42.3834 -23874.992660186217
-71.0334 42.3134 -19684.064963056833
-71.0334 42.3162 -20358.66476636809
-71.0334 42.3302 -25216.020654507818
-71.0334 42.333 -26747.338197810306
-71.0334 42.3358 -28343.31174579813
-71.0334 42.3386 -28870.928738134622
-71.0334 42.3414 -29169.51015488245
-71.0334 42.3442 -30033.806691790298
-71.0334 42.347 -30948.922581609313
-71.0334 42.3638 -29946.127301919205
-71.0334 42.3666 -29488.356150263415
-71.0334 42.3694 -29599.901309275563
-71.0334 42.3722 -29429.34134944816
-71.0334 42.375 -28966.72696524834
-71.0334 42.3778 -27817.908810591573
-71.0334 42.3806 -25144.79492369337
-71.0334 42.3834 -23082.036177144124
-71.03059999999999 42.333 -24880.672951864773
-71.03059999999999 42.3358 -25646.22195850427
-71.03059999999999 42.3386 -26218.770200168074
-71.03059999999999 42.3414 -26772.921996901594
-71.03059999999999 42.3442 -28549.38518910019
-71.03059999999999 42.347 -27661.765417126288
-71.03059999999999 42.3638 -27526.88663093298
-71.03059999999999 42.3666 -27283.553724859674
-71.03059999999999 42.3694 -27482.644563260892
-71.03059999999999 42.3722 -26834.513495563227
-71.03059999999999 42.375 -26424.299553757333
-71.03059999999999 42.3778 -26956.84367492441
-71.03059999999999 42.3806 -24432.355794177216
-71.0278 42.333 -25209.919684940443
-71.0278 42.3358 -23973.47503894978
-71.0278 42.3386 -24288.568800153476
-71.0278 42.3414 -24723.977913236555
-71.0278 42.3442 -25132.231488673922
-71.0278 42.347 -25399.11969879871
-71.0278 42.3582 -26759.144170502084
-71.0278 42.3666 -25292.106326799167
-71.0278 42.3694 -24963.21743793587
-71.0278 42.3722 -24596.166159058517
-71.0278 42.375 -24452.586178902882
-71.0278 42.3778 -25942.842196835467
-71.0278 42.3806 -24886.310838817164
-71.025 42.333 -22234.229749919614
-71.025 42.3358 -22370.14366709075
-71.025 42.3386 -22664.241042337388
-71.025 42.3414 -23024.08713584175
-71.025 42.3442 -23356.26206226669
-71.025 42.347 -23578.404729884965
-71.025 42.3582 -24322.565630187026
-71.025 42.361 -24222.446530371875
-71.025 42.3638 -24072.870845374946
-71.025 42.3666 -23592.171801620843
-71.025 42.3694 -23189.298403411358
-71.025 42.3722 -22833.464153125475
-71.025 42.375 -22573.608615567075
-71.025 42.3778 -22503.1719375636
-71.025 42.3806 -21855.27935589218
-71.025 42.3834 -20368.580289789843
-71.0222 42.333 -20520.79603635337
-71.0222 42.3358 -20906.144109924928
-71.0222 42.3386 -21242.12954514199
-71.0222 42.3414 -21578.24933474447
-71.0222 42.3442 -22165.267441098367
-71.0222 42.3554 -22392.96188794576
-71.0222 42.3582 -22462.956635777176
-71.0222 42.361 -22499.879156874624
-71.0222 42.3638 -23252.6445721095
-71.0222 42.3666 -22352.69349342736
-71.0222 42.3694 -21743.577984362655
-71.0222 42.3722 -21355.779353457834
-71.0222 42.375 -21009.854763739368
-71.0222 42.3778 -20624.663832058523
-71.0222 42.3806 -20050.923429295082
-71.0222 42.3834 -19276.68666481855
-71.0194 42.333 -19319.631922405824
-71.0194 42.3358 -19680.59405841549
-71.0194 42.3386 -19996.785981694145
-71.0194 42.3414 -20281.20342300763
-71.0194 42.3554 -20983.679538257697
-71.0194 42.3582 -21012.041601296136
-71.0194 42.361 -21023.800182091
-71.0194 42.3638 -21062.456901074293
-71.0194 42.3666 -20848.04833582492
-71.0194 42.3694 -20435.511976677095
-71.0194 42.3722 -20090.292515396704
-71.0194 42.375 -19756.444665895844
-71.0194 42.3778 -19388.821647911103
-71.0194 42.3806 -18969.56463020474
-71.0194 42.3834 -18468.443224794908
-71.0194 42.3862 -17825.500263356804
-71.0166 42.333 -18309.937994883756
-71.0166 42.3358 -18624.712921929353
-71.0166 42.3386 -18902.41513054601
-71.0166 42.3414 -19146.94390080955
-71.0166 42.3526 -19710.094594135993
-71.0166 42.3554 -19753.90732425794
-71.0166 42.3582 -19761.250414255122
-71.0166 42.361 -19732.106788822424
-71.0166 42.3638 -19653.660577584524
-71.0166 42.3666 -19490.655205081326
-71.0166 42.3694 -19255.454594833194
-71.0166 42.3722 -18994.00442328869
-71.0166 42.375 -18719.264197093875
-71.0166 42.3806 -18129.674769518475
-71.0166 42.3834 -17788.239828518144
-71.0166 42.3862 -17403.17781983315
-71.0166 42.389 -16794.577965296052
-71.0138 42.333 -17421.54531183482
-71.0138 42.3358 -17693.877828166627
-71.0138 42.3386 -17935.798562874406
-71.0138 42.3414 -18147.40305458771
-71.0138 42.3526 -18636.66722815196
-71.0138 42.3554 -18669.2598067942
-71.0138 42.3582 -18665.848690253697
-71.0138 42.361 -18624.532349446214
-71.0138 42.3638 -18540.23731963513
-71.0138 42.3666 -18408.2931939013
-71.0138 42.3694 -18235.643317720594
-71.0138 42.3722 -18038.842930858096
-71.0138 42.3806 -17451.50281609626
-71.0138 42.3834 -17286.210501218102
-71.0138 42.3862 -17027.026342447436
-71.0138 42.389 -16503.026868836118
-71.0138 42.391799999999996 -15942.577390481125
-71.0138 42.3946 -15379.932930166036
-71.011 42.3386 -17072.270663923806
-71.011 42.3498 -17621.83274504025
-71.011 42.3526 -17679.69206331183
-71.011 42.3554 -17705.041043632013
-71.011 42.3582 -17697.557522522442
-71.011 42.361 -17656.620196596385
-71.011 42.3638 -17581.69072518068
-71.011 42.3666 -17474.349887162105
-71.011 42.3694 -17341.216756180147
-71.011 42.3834 -17155.584447435
-71.011 42.3862 -17695.979509457695
-71.011 42.389 -16581.956294791467
-71.011 42.391799999999996 -15681.918959690804
-71.011 42.3946 -14982.61548462542
-71.0082 42.347 -16693.174323838015
-71.0082 42.3498 -16771.433907799536
-71.0082 42.3526 -16820.95547427221
-71.0082 42.3554 -16841.559206114838
-71.0082 42.3582 -16833.302018401002
-71.0082 42.361 -16796.620677853178
-71.0082 42.3638 -16732.870110208212
-71.0082 42.3722 -16432.631019307468
-71.0082 42.375 -16340.780406730804
-71.0082 42.3862 -21896.798839418247
-71.0082 42.389 -17154.656067149637
-71.0082 42.391799999999996 -15428.494232177258
-71.0082 42.3946 -14604.924059494662
-71.0054 42.3498 -16002.803809679805
-71.0054 42.3526 -16045.543220264808
-71.0054 42.3582 -16055.094154009037
-71.0054 42.361 -16023.257654411496
-71.0054 42.3638 -15969.398190250768
-71.0054 42.3778 -15667.742930746215
-71.0054 42.3862 -19533.739997482193
-71.0054 42.389 -16359.605049913782
-71.0054 42.391799999999996 -15026.873211567883
-71.0026 42.3582 -15349.063716690725
-71.0026 42.361 -15321.443674440898
-71.0026 42.3638 -15275.371824191456
-71.0026 42.3778 -15014.201929306597
-71.0026 42.3862 -15461.880126448754
-71.0026 42.389 -15016.160344258264
-71.0026 42.391799999999996 -14486.01108023109
-71.0026 42.3946 -14087.875635127933
-70.9998 42.3582 -14704.439708978638
-70.9998 42.361 -14680.042458744996
-70.9998 42.3834 -14498.89074132252
-70.9998 42.3862 -14471.977124502775
-70.9998 42.389 -14359.265737042268
-70.9998 42.391799999999996 -14101.057599545586
-70.9998 42.3946 -15329.279195108424
-70.997 42.3582 -14112.76329051486
-70.997 42.361 -14090.614791165273
-70.997 42.3834 -13734.782216627214
-70.997 42.3862 -13787.181327041257
-70.997 42.389 -14925.067230616478
-70.997 42.391799999999996 -13823.96440698457
-70.997 42.3946 -13122.866730405967
-70.99419999999999 42.3554 -13573.62060065468
-70.99419999999999 42.3582 -13567.300521399216
-70.99419999999999 42.361 -13546.610102168252
-70.99419999999999 42.3862 -13104.952763988018
-70.99419999999999 42.389 -13181.64173992893
-70.99419999999999 42.391799999999996 -12891.95483512037
-70.9914 42.3554 -13069.257908095567
-70.9914 42.3582 -13062.602670098793
-70.9914 42.361 -13042.80671646032
-70.9914 42.389 -12369.109991041632
-70.9914 42.391799999999996 -12172.145677074892
-70.9886 42.3582 -12594.179673904317
-70.9886 42.361 -12574.922988463493
-70.9886 42.389 -11827.087531487854
-70.9886 42.391799999999996 -11655.25065777993
