-71.179 42.2798 13
-71.1762 42.2798 30
-71.1762 42.291 1
-71.1762 42.2938 3
-71.1734 42.2686 15
-71.1734 42.2742 20
-71.1734 42.277 32
-71.1734 42.2854 1
-71.1734 42.2882 3
-71.1734 42.291 7
-71.1734 42.3498 24
-71.1734 42.3526 122
-71.1706 42.2686 130
-71.1706 42.2714 24
-71.1706 42.2742 32
-71.1706 42.277 8
-71.1706 42.2798 180
-71.1706 42.2826 35
-71.1706 42.2854 36
-71.1706 42.2882 20
-71.1706 42.291 2
-71.1706 42.2938 21
-71.1706 42.2966 1
-71.1706 42.2994 4
-71.1706 42.347 40
-71.1706 42.3498 72
-71.1706 42.3526 96
-71.1706 42.3554 46
-71.1678 42.263 13
-71.1678 42.2658 55
-71.1678 42.2686 7
-71.1678 42.2714 28
-71.1678 42.2742 39
-71.1678 42.277 98
-71.1678 42.2798 21
-71.1678 42.2826 39
-71.1678 42.2854 37
-71.1678 42.2882 23
-71.1678 42.291 28
-71.1678 42.2938 10
-71.1678 42.2966 2
-71.1678 42.2994 23
-71.1678 42.3358 1
-71.1678 42.3386 8
-71.1678 42.3442 25
-71.1678 42.347 36
-71.1678 42.3498 151
-71.1678 42.3526 60
-71.1678 42.3554 32
-71.1678 42.3582 7
-71.165 42.263 31
-71.165 42.2658 24
-71.165 42.2686 32
-71.165 42.2714 29
-71.165 42.2742 20
-71.165 42.277 44
-71.165 42.2798 14
-71.165 42.2826 32
-71.165 42.2854 26
-71.165 42.2882 30
-71.165 42.291 19
-71.165 42.2938 26
-71.165 42.3022 34
-71.165 42.3358 3
-71.165 42.3386 32
-71.165 42.3414 46
-71.165 42.3442 19
-71.165 42.347 12
-71.165 42.3498 169
-71.165 42.3526 109
-71.165 42.3554 41
-71.165 42.3582 1
-71.1622 42.2602 40
-71.1622 42.263 28
-71.1622 42.2658 16
-71.1622 42.2686 53
-71.1622 42.2714 48
-71.1622 42.2742 15
-71.1622 42.277 145
-71.1622 42.2798 34
-71.1622 42.2826 22
-71.1622 42.2854 26
-71.1622 42.2882 13
-71.1622 42.291 20
-71.1622 42.2938 30
-71.1622 42.3386 11
-71.1622 42.3414 31
-71.1622 42.3442 4
-71.1622 42.347 72
-71.1622 42.3498 146
-71.1622 42.3526 119
-71.1622 42.3554 106
-71.1594 42.2574 113
-71.1594 42.2602 81
-71.1594 42.263 22
-71.1594 42.2658 27
-71.1594 42.2714 5
-71.1594 42.2742 28
-71.1594 42.277 25
-71.1594 42.2798 125
-71.1594 42.2826 26
-71.1594 42.2854 23
-71.1594 42.2882 13
-71.1594 42.291 7
-71.1594 42.2938 30
-71.1594 42.2994 19
-71.1594 42.333 10
-71.1594 42.3386 65
-71.1594 42.3414 142
-71.1594 42.3442 20
-71.1594 42.347 134
-71.1594 42.3498 89
-71.1594 42.3526 80
-71.1594 42.3554 65
-71.1594 42.3582 7
-71.1566 42.2574 31
-71.1566 42.2602 86
-71.1566 42.263 78
-71.1566 42.2658 47
-71.1566 42.277 5
-71.1566 42.2798 28
-71.1566 42.2826 101
-71.1566 42.2854 136
-71.1566 42.2882 27
-71.1566 42.291 34
-71.1566 42.2938 37
-71.1566 42.2966 89
-71.1566 42.333 3
-71.1566 42.3386 99
-71.1566 42.3414 137
-71.1566 42.3442 26
-71.1566 42.347 56
-71.1566 42.3498 200
-71.1566 42.3526 56
-71.1566 42.3554 69
-71.1566 42.3582 15
-71.1538 42.2602 19
-71.1538 42.263 88
-71.1538 42.2658 56
-71.1538 42.2742 1
-71.1538 42.277 22
-71.1538 42.2798 17
-71.1538 42.2826 21
-71.1538 42.2854 78
-71.1538 42.2882 146
-71.1538 42.291 60
-71.1538 42.2938 47
-71.1538 42.333 13
-71.1538 42.3386 213
-71.1538 42.3414 181
-71.1538 42.3442 77
-71.1538 42.347 120
-71.1538 42.3498 276
-71.1538 42.3526 142
-71.1538 42.3554 146
-71.1538 42.3582 73
-71.151 42.2602 114
-71.151 42.263 30
-71.151 42.2658 121
-71.151 42.2686 86
-71.151 42.2714 11
-71.151 42.2742 12
-71.151 42.277 17
-71.151 42.2798 19
-71.151 42.2826 18
-71.151 42.2854 26
-71.151 42.2882 97
-71.151 42.291 27
-71.151 42.2938 22
-71.151 42.3358 183
-71.151 42.3386 239
-71.151 42.3414 215
-71.151 42.3442 34
-71.151 42.347 109
-71.151 42.3498 610
-71.151 42.3526 115
-71.151 42.3554 124
-71.151 42.3582 156
-71.1482 42.2574 95
-71.1482 42.2602 112
-71.1482 42.263 19
-71.1482 42.2658 4
-71.1482 42.2686 56
-71.1482 42.2714 37
-71.1482 42.2742 31
-71.1482 42.277 30
-71.1482 42.2798 26
-71.1482 42.2826 18
-71.1482 42.2854 46
-71.1482 42.2882 513
-71.1482 42.291 10
-71.1482 42.2938 15
-71.1482 42.2966 9
-71.1482 42.3386 260
-71.1482 42.3414 166
-71.1482 42.3442 112
-71.1482 42.347 56
-71.1482 42.3498 196
-71.1482 42.3526 93
-71.1482 42.3554 231
-71.1482 42.3582 64
-71.1454 42.2518 37
-71.1454 42.2546 56
-71.1454 42.2574 165
-71.1454 42.2602 2
-71.1454 42.263 34
-71.1454 42.2658 1
-71.1454 42.2714 59
-71.1454 42.2742 31
-71.1454 42.277 20
-71.1454 42.2798 14
-71.1454 42.2826 31
-71.1454 42.2854 87
-71.1454 42.2882 35
-71.1454 42.291 15
-71.1454 42.2938 9
-71.1454 42.2966 18
-71.1454 42.3414 271
-71.1454 42.3442 133
-71.1454 42.347 128
-71.1454 42.3498 220
-71.1454 42.3526 83
-71.1454 42.3554 71
-71.1454 42.3582 51
-71.1454 42.361 54
-71.1426 42.2406 37
-71.1426 42.2434 55
-71.1426 42.249 12
-71.1426 42.2518 39
-71.1426 42.2546 29
-71.1426 42.2714 1
-71.1426 42.2742 34
-71.1426 42.277 13
-71.1426 42.2798 26
-71.1426 42.2826 34
-71.1426 42.2854 59
-71.1426 42.2882 46
-71.1426 42.291 35
-71.1426 42.2938 26
-71.1426 42.2994 12
-71.1426 42.3414 131
-71.1426 42.3442 542
-71.1426 42.347 111
-71.1426 42.3498 242
-71.1426 42.3526 120
-71.1426 42.3554 81
-71.1426 42.3582 85
-71.1426 42.361 186
-71.1426 42.3638 6
-71.1398 42.235 9
-71.1398 42.2378 10
-71.1398 42.2406 32
-71.1398 42.2434 29
-71.1398 42.249 12
-71.1398 42.2518 23
-71.1398 42.2546 28
-71.1398 42.2574 25
-71.1398 42.2742 56
-71.1398 42.277 266
-71.1398 42.2798 68
-71.1398 42.2826 28
-71.1398 42.2854 98
-71.1398 42.2882 50
-71.1398 42.291 31
-71.1398 42.2938 21
-71.1398 42.2966 1
-71.1398 42.3442 222
-71.1398 42.347 226
-71.1398 42.3498 304
-71.1398 42.3526 282
-71.1398 42.3554 178
-71.1398 42.3582 51
-71.1398 42.361 90
-71.1398 42.3638 16
-71.137 42.235 25
-71.137 42.2378 7
-71.137 42.2406 28
-71.137 42.2434 57
-71.137 42.2462 38
-71.137 42.2546 1
-71.137 42.2714 24
-71.137 42.2742 72
-71.137 42.277 192
-71.137 42.2798 91
-71.137 42.2826 40
-71.137 42.2854 78
-71.137 42.2882 70
-71.137 42.291 67
-71.137 42.2938 80
-71.137 42.2966 3
-71.137 42.3022 34
-71.137 42.347 366
-71.137 42.3498 251
-71.137 42.3526 284
-71.137 42.3554 226
-71.137 42.3582 75
-71.137 42.361 46
-71.137 42.3638 114
-71.1342 42.2322 10
-71.1342 42.235 24
-71.1342 42.2378 24
-71.1342 42.2406 27
-71.1342 42.2434 105
-71.1342 42.2462 35
-71.1342 42.249 50
-71.1342 42.2518 74
-71.1342 42.2546 25
-71.1342 42.2574 5
-71.1342 42.2742 14
-71.1342 42.277 87
-71.1342 42.2798 158
-71.1342 42.2826 80
-71.1342 42.2854 49
-71.1342 42.2882 78
-71.1342 42.291 61
-71.1342 42.2938 14
-71.1342 42.2966 19
-71.1342 42.3022 1
-71.1342 42.3078 6
-71.1342 42.347 225
-71.1342 42.3498 365
-71.1342 42.3526 425
-71.1342 42.3554 190
-71.1342 42.3582 112
-71.1342 42.361 74
-71.1342 42.3638 64
-71.1342 42.3666 4
-71.1314 42.2322 23
-71.1314 42.235 64
-71.1314 42.2378 88
-71.1314 42.2406 14
-71.1314 42.2434 121
-71.1314 42.249 147
-71.1314 42.2518 128
-71.1314 42.2546 57
-71.1314 42.2574 11
-71.1314 42.2602 6
-71.1314 42.2686 30
-71.1314 42.2714 39
-71.1314 42.2742 78
-71.1314 42.277 58
-71.1314 42.2798 71
-71.1314 42.2826 167
-71.1314 42.2854 211
-71.1314 42.2882 51
-71.1314 42.291 56
-71.1314 42.2938 21
-71.1314 42.2966 62
-71.1314 42.2994 9
-71.1314 42.3022 16
-71.1314 42.305 13
-71.1314 42.3106 29
-71.1314 42.3498 669
-71.1314 42.3526 717
-71.1314 42.3554 360
-71.1314 42.3582 148
-71.1314 42.361 122
-71.1314 42.3638 32
-71.1286 42.2322 18
-71.1286 42.235 61
-71.1286 42.2378 30
-71.1286 42.2462 34
-71.1286 42.249 33
-71.1286 42.2518 69
-71.1286 42.2546 134
-71.1286 42.2574 111
-71.1286 42.2602 19
-71.1286 42.2658 32
-71.1286 42.2686 48
-71.1286 42.2714 36
-71.1286 42.2742 52
-71.1286 42.277 29
-71.1286 42.2798 35
-71.1286 42.2826 97
-71.1286 42.2854 291
-71.1286 42.2882 128
-71.1286 42.291 29
-71.1286 42.2966 32
-71.1286 42.2994 28
-71.1286 42.3022 3
-71.1286 42.305 14
-71.1286 42.3078 14
-71.1286 42.3106 22
-71.1286 42.3134 13
-71.1286 42.3498 176
-71.1286 42.3526 445
-71.1286 42.3554 222
-71.1286 42.3582 195
-71.1286 42.361 34
-71.1286 42.3638 79
-71.1258 42.235 25
-71.1258 42.2378 42
-71.1258 42.2406 126
-71.1258 42.2434 8
-71.1258 42.2462 17
-71.1258 42.249 72
-71.1258 42.2518 172
-71.1258 42.2546 158
-71.1258 42.2574 109
-71.1258 42.2602 80
-71.1258 42.263 60
-71.1258 42.2658 49
-71.1258 42.2686 23
-71.1258 42.2714 46
-71.1258 42.2742 33
-71.1258 42.277 48
-71.1258 42.2798 43
-71.1258 42.2826 40
-71.1258 42.2854 131
-71.1258 42.2882 225
-71.1258 42.291 28
-71.1258 42.2966 1
-71.1258 42.3022 117
-71.1258 42.305 25
-71.1258 42.3078 9
-71.1258 42.3106 29
-71.1258 42.3134 4
-71.1258 42.319 7
-71.1258 42.3526 309
-71.1258 42.3554 131
-71.1258 42.3582 110
-71.1258 42.361 25
-71.1258 42.3638 6
-71.1258 42.3666 16
-71.1258 42.3694 1
-71.123 42.2434 75
-71.123 42.2462 52
-71.123 42.249 49
-71.123 42.2518 101
-71.123 42.2546 422
-71.123 42.2574 1034
-71.123 42.2602 109
-71.123 42.263 62
-71.123 42.2658 17
-71.123 42.2686 21
-71.123 42.2714 32
-71.123 42.2742 24
-71.123 42.277 104
-71.123 42.2798 74
-71.123 42.2826 176
-71.123 42.2854 52
-71.123 42.2882 121
-71.123 42.291 322
-71.123 42.2938 99
-71.123 42.2966 31
-71.123 42.305 2
-71.123 42.3078 7
-71.123 42.3106 20
-71.123 42.3134 13
-71.123 42.3162 3
-71.123 42.319 4
-71.123 42.3218 35
-71.123 42.3526 240
-71.123 42.3554 5
-71.123 42.3582 25
-71.123 42.361 12
-71.123 42.3638 12
-71.123 42.3666 2
-71.1202 42.2434 159
-71.1202 42.2462 75
-71.1202 42.249 53
-71.1202 42.2518 126
-71.1202 42.2546 173
-71.1202 42.2574 230
-71.1202 42.2602 111
-71.1202 42.263 143
-71.1202 42.2658 321
-71.1202 42.2686 112
-71.1202 42.2714 191
-71.1202 42.2742 143
-71.1202 42.277 159
-71.1202 42.2798 258
-71.1202 42.2826 130
-71.1202 42.2854 141
-71.1202 42.2882 59
-71.1202 42.291 184
-71.1202 42.2938 316
-71.1202 42.2966 5
-71.1202 42.2994 1
-71.1202 42.305 11
-71.1202 42.3078 57
-71.1202 42.3106 64
-71.1202 42.3134 43
-71.1202 42.3218 7
-71.1202 42.3526 482
-71.1202 42.3554 1
-71.1202 42.3638 27
-71.1202 42.3666 1
-71.1174 42.2462 96
-71.1174 42.249 174
-71.1174 42.2518 79
-71.1174 42.2546 11
-71.1174 42.2574 103
-71.1174 42.2602 163
-71.1174 42.263 139
-71.1174 42.2658 117
-71.1174 42.2686 60
-71.1174 42.2714 55
-71.1174 42.2742 80
-71.1174 42.277 119
-71.1174 42.2798 281
-71.1174 42.2826 69
-71.1174 42.2854 79
-71.1174 42.2882 87
-71.1174 42.291 123
-71.1174 42.2938 102
-71.1174 42.2966 120
-71.1174 42.2994 20
-71.1174 42.3022 19
-71.1174 42.305 69
-71.1174 42.3078 93
-71.1174 42.3106 48
-71.1174 42.3134 23
-71.1174 42.3162 28
-71.1174 42.319 21
-71.1174 42.3218 15
-71.1174 42.3526 84
-71.1174 42.361 68
-71.1146 42.2462 23
-71.1146 42.249 26
-71.1146 42.2518 34
-71.1146 42.2546 50
-71.1146 42.2574 13
-71.1146 42.2602 108
-71.1146 42.263 99
-71.1146 42.2658 50
-71.1146 42.2686 46
-71.1146 42.2714 1
-71.1146 42.2742 205
-71.1146 42.277 44
-71.1146 42.2798 46
-71.1146 42.2826 79
-71.1146 42.2854 43
-71.1146 42.2882 47
-71.1146 42.291 33
-71.1146 42.2938 101
-71.1146 42.2966 115
-71.1146 42.2994 250
-71.1146 42.3022 161
-71.1146 42.305 294
-71.1146 42.3078 177
-71.1146 42.3106 365
-71.1146 42.3134 219
-71.1146 42.3162 196
-71.1146 42.319 70
-71.1146 42.3218 109
-71.1146 42.3246 71
-71.1146 42.3526 49
-71.1118 42.249 26
-71.1118 42.2518 17
-71.1118 42.2546 28
-71.1118 42.2574 13
-71.1118 42.263 104
-71.1118 42.2658 72
-71.1118 42.2686 84
-71.1118 42.2714 7
-71.1118 42.2742 38
-71.1118 42.2798 18
-71.1118 42.2826 21
-71.1118 42.2854 365
-71.1118 42.2882 20
-71.1118 42.291 13
-71.1118 42.2938 3
-71.1118 42.2966 22
-71.1118 42.2994 112
-71.1118 42.3022 259
-71.1118 42.305 52
-71.1118 42.3078 69
-71.1118 42.3106 55
-71.1118 42.3134 107
-71.1118 42.3162 196
-71.1118 42.319 235
-71.1118 42.3218 133
-71.1118 42.3246 68
-71.1118 42.3274 64
-71.1118 42.3302 290
-71.1118 42.333 220
-71.109 42.263 270
-71.109 42.2658 61
-71.109 42.2686 54
-71.109 42.2714 90
-71.109 42.2742 159
-71.109 42.277 11
-71.109 42.2854 57
-71.109 42.2882 59
-71.109 42.291 2
-71.109 42.2994 42
-71.109 42.3022 17
-71.109 42.305 214
-71.109 42.3078 41
-71.109 42.3106 138
-71.109 42.3134 59
-71.109 42.3162 80
-71.109 42.319 106
-71.109 42.3218 219
-71.109 42.3246 169
-71.109 42.3274 69
-71.109 42.3302 137
-71.109 42.333 405
-71.109 42.3358 444
-71.109 42.3386 130
-71.109 42.3414 58
-71.1062 42.263 43
-71.1062 42.2658 77
-71.1062 42.2686 49
-71.1062 42.2714 150
-71.1062 42.2742 61
-71.1062 42.277 22
-71.1062 42.2798 5
-71.1062 42.2854 8
-71.1062 42.2882 90
-71.1062 42.2994 61
-71.1062 42.3022 59
-71.1062 42.305 66
-71.1062 42.3078 196
-71.1062 42.3106 175
-71.1062 42.3134 60
-71.1062 42.3162 123
-71.1062 42.319 114
-71.1062 42.3218 255
-71.1062 42.3246 146
-71.1062 42.3274 189
-71.1062 42.3302 117
-71.1062 42.333 293
-71.1062 42.3358 124
-71.1062 42.3386 362
-71.1062 42.3414 73
-71.1062 42.347 140
-71.1062 42.3498 35
-71.1034 42.2602 50
-71.1034 42.263 151
-71.1034 42.2658 73
-71.1034 42.2686 97
-71.1034 42.2714 102
-71.1034 42.2742 39
-71.1034 42.2854 9
-71.1034 42.2882 5
-71.1034 42.291 14
-71.1034 42.2994 3
-71.1034 42.3022 38
-71.1034 42.305 131
-71.1034 42.3078 105
-71.1034 42.3106 628
-71.1034 42.3134 104
-71.1034 42.3162 297
-71.1034 42.319 163
-71.1034 42.3218 602
-71.1034 42.3246 213
-71.1034 42.3274 187
-71.1034 42.3302 297
-71.1034 42.333 512
-71.1034 42.3358 76
-71.1034 42.3386 53
-71.1034 42.3414 19
-71.1034 42.3442 218
-71.1034 42.347 181
-71.1034 42.3498 41
-71.1006 42.263 137
-71.1006 42.2658 143
-71.1006 42.2686 177
-71.1006 42.2714 164
-71.1006 42.2742 70
-71.1006 42.277 39
-71.1006 42.2798 3
-71.1006 42.2826 76
-71.1006 42.2854 6
-71.1006 42.2938 1
-71.1006 42.3078 50
-71.1006 42.3106 99
-71.1006 42.3134 375
-71.1006 42.3162 250
-71.1006 42.319 362
-71.1006 42.3218 412
-71.1006 42.3246 307
-71.1006 42.3274 225
-71.1006 42.3302 341
-71.1006 42.333 274
-71.1006 42.3358 216
-71.1006 42.3386 38
-71.1006 42.3414 281
-71.1006 42.3442 420
-71.1006 42.347 115
-71.1006 42.3498 38
-71.0978 42.263 26
-71.0978 42.2658 138
-71.0978 42.2686 161
-71.0978 42.2714 73
-71.0978 42.2742 90
-71.0978 42.277 126
-71.0978 42.2798 108
-71.0978 42.2826 88
-71.0978 42.2854 90
-71.0978 42.291 3
-71.0978 42.2938 3
-71.0978 42.3078 1
-71.0978 42.3106 86
-71.0978 42.3134 320
-71.0978 42.3162 935
-71.0978 42.319 392
-71.0978 42.3218 278
-71.0978 42.3246 235
-71.0978 42.3274 202
-71.0978 42.3302 309
-71.0978 42.333 453
-71.0978 42.3358 158
-71.0978 42.3386 52
-71.0978 42.3414 214
-71.0978 42.3442 604
-71.0978 42.347 525
-71.0978 42.3498 234
-71.095 42.2686 919
-71.095 42.2714 179
-71.095 42.2742 169
-71.095 42.277 290
-71.095 42.2798 194
-71.095 42.2826 198
-71.095 42.2854 213
-71.095 42.2882 151
-71.095 42.291 37
-71.095 42.2938 35
-71.095 42.305 2
-71.095 42.3106 1
-71.095 42.3134 353
-71.095 42.3162 323
-71.095 42.319 195
-71.095 42.3218 178
-71.095 42.3246 114
-71.095 42.3274 103
-71.095 42.3302 218
-71.095 42.333 254
-71.095 42.3358 383
-71.095 42.3386 114
-71.095 42.3414 69
-71.095 42.3442 293
-71.095 42.347 538
-71.095 42.3498 352
-71.0922 42.2686 119
-71.0922 42.2714 153
-71.0922 42.2742 113
-71.0922 42.277 417
-71.0922 42.2798 370
-71.0922 42.2826 334
-71.0922 42.2854 1553
-71.0922 42.2882 207
-71.0922 42.291 107
-71.0922 42.2938 54
-71.0922 42.2966 138
-71.0922 42.305 3
-71.0922 42.3078 2
-71.0922 42.3106 235
-71.0922 42.3134 319
-71.0922 42.3162 207
-71.0922 42.319 188
-71.0922 42.3218 295
-71.0922 42.3246 122
-71.0922 42.3274 167
-71.0922 42.3302 264
-71.0922 42.333 673
-71.0922 42.3358 202
-71.0922 42.3386 111
-71.0922 42.3414 96
-71.0922 42.3442 50
-71.0922 42.347 77
-71.0922 42.3498 183
-71.0894 42.2714 235
-71.0894 42.2742 81
-71.0894 42.277 75
-71.0894 42.2798 331
-71.0894 42.2826 372
-71.0894 42.2854 355
-71.0894 42.2882 288
-71.0894 42.291 550
-71.0894 42.2938 432
-71.0894 42.2966 224
-71.0894 42.3022 1
-71.0894 42.3078 276
-71.0894 42.3106 408
-71.0894 42.3134 271
-71.0894 42.3162 308
-71.0894 42.319 204
-71.0894 42.3218 173
-71.0894 42.3246 297
-71.0894 42.3274 80
-71.0894 42.3302 493
-71.0894 42.333 51
-71.0894 42.3358 218
-71.0894 42.3386 50
-71.0894 42.3414 269
-71.0894 42.3442 587
-71.0894 42.347 477
-71.0894 42.3498 478
-71.0866 42.2714 60
-71.0866 42.2742 26
-71.0866 42.277 71
-71.0866 42.2798 151
-71.0866 42.2826 386
-71.0866 42.2854 212
-71.0866 42.2882 242
-71.0866 42.291 225
-71.0866 42.2938 126
-71.0866 42.2966 506
-71.0866 42.2994 283
-71.0866 42.3022 310
-71.0866 42.305 84
-71.0866 42.3078 434
-71.0866 42.3106 294
-71.0866 42.3134 187
-71.0866 42.3162 207
-71.0866 42.319 313
-71.0866 42.3218 225
-71.0866 42.3246 217
-71.0866 42.3274 1720
-71.0866 42.3302 283
-71.0866 42.333 165
-71.0866 42.3358 382
-71.0866 42.3386 31
-71.0866 42.3414 617
-71.0866 42.3442 388
-71.0866 42.347 809
-71.0866 42.3498 627
-71.0866 42.3526 125
-71.0838 42.2714 82
-71.0838 42.2742 17
-71.0838 42.277 51
-71.0838 42.2798 242
-71.0838 42.2826 205
-71.0838 42.2854 155
-71.0838 42.2882 238
-71.0838 42.291 43
-71.0838 42.2938 201
-71.0838 42.2966 217
-71.0838 42.2994 480
-71.0838 42.3022 574
-71.0838 42.305 588
-71.0838 42.3078 914
-71.0838 42.3106 399
-71.0838 42.3134 240
-71.0838 42.3162 383
-71.0838 42.319 172
-71.0838 42.3218 331
-71.0838 42.3246 273
-71.0838 42.3274 607
-71.0838 42.3302 1175
-71.0838 42.333 356
-71.0838 42.3358 410
-71.0838 42.3386 380
-71.0838 42.3414 372
-71.0838 42.3442 304
-71.0838 42.347 528
-71.0838 42.3498 1169
-71.0838 42.3526 175
-71.081 42.2714 164
-71.081 42.2742 106
-71.081 42.277 199
-71.081 42.2798 208
-71.081 42.2826 286
-71.081 42.2854 160
-71.081 42.2882 124
-71.081 42.2938 411
-71.081 42.2966 319
-71.081 42.2994 238
-71.081 42.3022 351
-71.081 42.305 472
-71.081 42.3078 284
-71.081 42.3106 496
-71.081 42.3134 225
-71.081 42.3162 290
-71.081 42.319 650
-71.081 42.3218 385
-71.081 42.3246 206
-71.081 42.3274 686
-71.081 42.3302 453
-71.081 42.333 366
-71.081 42.3358 600
-71.081 42.3386 599
-71.081 42.3414 486
-71.081 42.3442 445
-71.081 42.347 772
-71.081 42.3498 1167
-71.081 42.3526 280
-71.0782 42.2714 73
-71.0782 42.2742 43
-71.0782 42.277 117
-71.0782 42.2798 167
-71.0782 42.2826 116
-71.0782 42.2854 292
-71.0782 42.2882 291
-71.0782 42.291 217
-71.0782 42.2938 266
-71.0782 42.2966 616
-71.0782 42.2994 206
-71.0782 42.3022 436
-71.0782 42.305 482
-71.0782 42.3078 323
-71.0782 42.3106 338
-71.0782 42.3134 419
-71.0782 42.3162 478
-71.0782 42.319 374
-71.0782 42.3218 393
-71.0782 42.3246 226
-71.0782 42.3274 523
-71.0782 42.3302 239
-71.0782 42.333 118
-71.0782 42.3358 853
-71.0782 42.3386 625
-71.0782 42.3414 359
-71.0782 42.3442 534
-71.0782 42.347 199
-71.0782 42.3498 1458
-71.0782 42.3526 291
-71.0782 42.3554 26
-71.0782 42.3834 151
-71.0754 42.2714 181
-71.0754 42.2742 77
-71.0754 42.277 95
-71.0754 42.2798 109
-71.0754 42.2826 134
-71.0754 42.2854 138
-71.0754 42.2882 356
-71.0754 42.291 351
-71.0754 42.2938 213
-71.0754 42.2966 278
-71.0754 42.2994 293
-71.0754 42.3022 254
-71.0754 42.305 238
-71.0754 42.3078 292
-71.0754 42.3106 348
-71.0754 42.3134 552
-71.0754 42.3162 192
-71.0754 42.319 286
-71.0754 42.3218 227
-71.0754 42.3246 388
-71.0754 42.3274 236
-71.0754 42.3302 191
-71.0754 42.333 527
-71.0754 42.3358 1223
-71.0754 42.3386 540
-71.0754 42.3414 548
-71.0754 42.3442 242
-71.0754 42.347 513
-71.0754 42.3498 1322
-71.0754 42.3526 537
-71.0754 42.3554 119
-71.0754 42.3806 14
-71.0754 42.3834 125
-71.0754 42.3862 23
-71.0726 42.2714 75
-71.0726 42.2742 126
-71.0726 42.277 65
-71.0726 42.2798 158
-71.0726 42.2826 333
-71.0726 42.2854 197
-71.0726 42.2882 278
-71.0726 42.291 706
-71.0726 42.2938 572
-71.0726 42.2966 308
-71.0726 42.2994 398
-71.0726 42.3022 314
-71.0726 42.305 326
-71.0726 42.3078 74
-71.0726 42.3106 318
-71.0726 42.3134 258
-71.0726 42.3162 152
-71.0726 42.319 212
-71.0726 42.3218 484
-71.0726 42.3246 262
-71.0726 42.3274 102
-71.0726 42.3302 51
-71.0726 42.333 1513
-71.0726 42.3358 172
-71.0726 42.3386 395
-71.0726 42.3414 373
-71.0726 42.3442 407
-71.0726 42.347 447
-71.0726 42.3498 448
-71.0726 42.3526 545
-71.0726 42.3554 250
-71.0726 42.3582 112
-71.0726 42.361 7
-71.0726 42.3778 6
-71.0726 42.3806 37
-71.0726 42.3834 109
-71.0726 42.3862 14
-71.0698 42.2714 172
-71.0698 42.2742 89
-71.0698 42.277 44
-71.0698 42.2798 173
-71.0698 42.2826 212
-71.0698 42.2854 227
-71.0698 42.2882 141
-71.0698 42.291 303
-71.0698 42.2938 135
-71.0698 42.2966 380
-71.0698 42.2994 206
-71.0698 42.3022 356
-71.0698 42.305 567
-71.0698 42.3078 319
-71.0698 42.3106 224
-71.0698 42.3134 325
-71.0698 42.3162 189
-71.0698 42.319 281
-71.0698 42.3218 344
-71.0698 42.3246 189
-71.0698 42.3274 99
-71.0698 42.3302 569
-71.0698 42.333 198
-71.0698 42.3358 196
-71.0698 42.3386 913
-71.0698 42.3414 369
-71.0698 42.3442 330
-71.0698 42.347 423
-71.0698 42.3498 293
-71.0698 42.3526 446
-71.0698 42.3554 402
-71.0698 42.3582 509
-71.0698 42.361 391
-71.0698 42.3638 420
-71.0698 42.3666 3
-71.0698 42.375 33
-71.0698 42.3778 142
-71.0698 42.3806 117
-71.0698 42.3834 113
-71.067 42.2742 434
-71.067 42.277 214
-71.067 42.2798 119
-71.067 42.2826 148
-71.067 42.2854 157
-71.067 42.2882 224
-71.067 42.291 274
-71.067 42.2938 130
-71.067 42.2966 102
-71.067 42.2994 355
-71.067 42.3022 543
-71.067 42.305 442
-71.067 42.3078 505
-71.067 42.3106 223
-71.067 42.3134 410
-71.067 42.3162 554
-71.067 42.319 539
-71.067 42.3218 75
-71.067 42.3246 265
-71.067 42.3274 344
-71.067 42.3302 99
-71.067 42.333 88
-71.067 42.3358 9
-71.067 42.3386 79
-71.067 42.3414 333
-71.067 42.3442 373
-71.067 42.347 152
-71.067 42.3498 575
-71.067 42.3526 530
-71.067 42.3554 38
-71.067 42.3582 273
-71.067 42.361 465
-71.067 42.3638 95
-71.067 42.3666 82
-71.067 42.3722 25
-71.067 42.375 98
-71.067 42.3778 304
-71.067 42.3806 106
-71.067 42.3834 64
-71.0642 42.2714 36
-71.0642 42.2742 52
-71.0642 42.2798 47
-71.0642 42.2826 178
-71.0642 42.2854 515
-71.0642 42.2882 257
-71.0642 42.291 280
-71.0642 42.2938 177
-71.0642 42.2966 142
-71.0642 42.2994 751
-71.0642 42.3022 392
-71.0642 42.305 419
-71.0642 42.3078 383
-71.0642 42.3106 232
-71.0642 42.3134 440
-71.0642 42.3162 413
-71.0642 42.319 322
-71.0642 42.3218 113
-71.0642 42.3246 1081
-71.0642 42.3274 31
-71.0642 42.3302 50
-71.0642 42.3358 4
-71.0642 42.3386 130
-71.0642 42.3414 148
-71.0642 42.3442 549
-71.0642 42.347 349
-71.0642 42.3498 1385
-71.0642 42.3526 2129
-71.0642 42.3554 304
-71.0642 42.3582 235
-71.0642 42.361 439
-71.0642 42.3638 224
-71.0642 42.3666 96
-71.0642 42.3722 72
-71.0642 42.375 375
-71.0642 42.3778 169
-71.0642 42.3806 140
-71.0642 42.3834 27
-71.0614 42.2714 14
-71.0614 42.2742 6
-71.0614 42.277 17
-71.0614 42.2798 12
-71.0614 42.2826 60
-71.0614 42.2854 75
-71.0614 42.2882 338
-71.0614 42.291 262
-71.0614 42.2938 305
-71.0614 42.2966 435
-71.0614 42.2994 804
-71.0614 42.3022 288
-71.0614 42.305 441
-71.0614 42.3078 327
-71.0614 42.3106 1032
-71.0614 42.3134 158
-71.0614 42.3162 298
-71.0614 42.319 332
-71.0614 42.3218 285
-71.0614 42.3246 36
-71.0614 42.3274 26
-71.0614 42.3302 50
-71.0614 42.333 1
-71.0614 42.3358 8
-71.0614 42.3386 2
-71.0614 42.3414 40
-71.0614 42.3442 102
-71.0614 42.347 90
-71.0614 42.3498 487
-71.0614 42.3526 1492
-71.0614 42.3554 1696
-71.0614 42.3582 605
-71.0614 42.361 620
-71.0614 42.3638 700
-71.0614 42.3666 610
-71.0614 42.3694 24
-71.0614 42.3722 120
-71.0614 42.375 164
-71.0614 42.3778 222
-71.0614 42.3806 337
-71.0586 42.277 3
-71.0586 42.2798 35
-71.0586 42.2826 103
-71.0586 42.2854 68
-71.0586 42.2882 224
-71.0586 42.291 195
-71.0586 42.2938 384
-71.0586 42.2966 875
-71.0586 42.2994 232
-71.0586 42.3022 537
-71.0586 42.305 460
-71.0586 42.3078 467
-71.0586 42.3106 383
-71.0586 42.3134 373
-71.0586 42.3162 282
-71.0586 42.319 254
-71.0586 42.3218 117
-71.0586 42.3246 275
-71.0586 42.3274 180
-71.0586 42.3302 166
-71.0586 42.333 4
-71.0586 42.3414 8
-71.0586 42.3442 14
-71.0586 42.3498 472
-71.0586 42.3526 601
-71.0586 42.3554 1277
-71.0586 42.3582 1341
-71.0586 42.361 891
-71.0586 42.3638 379
-71.0586 42.3666 317
-71.0586 42.3722 48
-71.0586 42.375 102
-71.0586 42.3778 512
-71.0586 42.3806 164
-71.0558 42.2798 38
-71.0558 42.2826 276
-71.0558 42.2854 81
-71.0558 42.2882 174
-71.0558 42.291 148
-71.0558 42.2938 194
-71.0558 42.2966 315
-71.0558 42.2994 126
-71.0558 42.3022 144
-71.0558 42.305 173
-71.0558 42.3106 172
-71.0558 42.3134 280
-71.0558 42.3162 277
-71.0558 42.319 304
-71.0558 42.3218 301
-71.0558 42.3246 163
-71.0558 42.3274 400
-71.0558 42.3302 621
-71.0558 42.333 127
-71.0558 42.3358 313
-71.0558 42.3386 359
-71.0558 42.3414 1280
-71.0558 42.3442 17
-71.0558 42.3498 177
-71.0558 42.3526 433
-71.0558 42.3554 213
-71.0558 42.3582 643
-71.0558 42.361 850
-71.0558 42.3638 591
-71.0558 42.3666 380
-71.0558 42.375 96
-71.0558 42.3778 543
-71.0558 42.3806 108
-71.053 42.2798 68
-71.053 42.2826 59
-71.053 42.2854 77
-71.053 42.2882 104
-71.053 42.291 82
-71.053 42.2938 148
-71.053 42.2966 122
-71.053 42.2994 65
-71.053 42.3022 71
-71.053 42.305 10
-71.053 42.3078 9
-71.053 42.3106 159
-71.053 42.3134 140
-71.053 42.3162 167
-71.053 42.319 187
-71.053 42.3218 37
-71.053 42.3246 146
-71.053 42.3274 616
-71.053 42.3302 340
-71.053 42.333 399
-71.053 42.3358 255
-71.053 42.3386 330
-71.053 42.3414 157
-71.053 42.3442 27
-71.053 42.347 3
-71.053 42.3526 121
-71.053 42.3554 456
-71.053 42.3582 796
-71.053 42.361 365
-71.053 42.3638 434
-71.053 42.3666 351
-71.053 42.375 139
-71.053 42.3778 159
-71.0502 42.2798 30
-71.0502 42.2826 77
-71.0502 42.2854 68
-71.0502 42.2882 83
-71.0502 42.291 100
-71.0502 42.2938 140
-71.0502 42.2966 156
-71.0502 42.2994 62
-71.0502 42.3022 52
-71.0502 42.3106 82
-71.0502 42.3134 30
-71.0502 42.319 80
-71.0502 42.3218 6
-71.0502 42.3246 8
-71.0502 42.3302 278
-71.0502 42.333 364
-71.0502 42.3358 210
-71.0502 42.3386 341
-71.0502 42.3414 141
-71.0502 42.3442 32
-71.0502 42.347 30
-71.0502 42.3498 163
-71.0502 42.3554 147
-71.0502 42.3582 313
-71.0502 42.3638 203
-71.0502 42.3666 79
-71.0502 42.3722 1
-71.0502 42.3778 58
-71.0502 42.3806 1
-71.0474 42.2798 50
-71.0474 42.2826 70
-71.0474 42.2854 86
-71.0474 42.2882 73
-71.0474 42.291 198
-71.0474 42.2938 161
-71.0474 42.2966 41
-71.0474 42.2994 14
-71.0474 42.305 1
-71.0474 42.3078 19
-71.0474 42.3106 33
-71.0474 42.3134 19
-71.0474 42.3162 38
-71.0474 42.319 45
-71.0474 42.3302 205
-71.0474 42.333 173
-71.0474 42.3358 552
-71.0474 42.3386 267
-71.0474 42.3414 19
-71.0474 42.3498 201
-71.0474 42.3526 180
-71.0446 42.2854 216
-71.0446 42.2882 12
-71.0446 42.291 45
-71.0446 42.3022 18
-71.0446 42.3162 4
-71.0446 42.319 96
-71.0446 42.3218 49
-71.0446 42.3302 141
-71.0446 42.333 278
-71.0446 42.3358 246
-71.0446 42.3386 72
-71.0446 42.3414 15
-71.0446 42.3442 22
-71.0446 42.347 129
-71.0446 42.3498 90
-71.0446 42.3526 128
-71.0418 42.2854 41
-71.0418 42.2882 79
-71.0418 42.319 599
-71.0418 42.3302 159
-71.0418 42.333 167
-71.0418 42.3358 250
-71.0418 42.3386 32
-71.0418 42.3442 39
-71.0418 42.347 36
-71.0418 42.3498 40
-71.0418 42.3666 3
-71.0418 42.3694 280
-71.0418 42.3722 286
-71.0418 42.375 33
-71.039 42.2882 34
-71.039 42.291 21
-71.039 42.3162 67
-71.039 42.319 117
-71.039 42.3302 62
-71.039 42.333 126
-71.039 42.3358 237
-71.039 42.3386 132
-71.039 42.3442 65
-71.039 42.347 36
-71.039 42.3498 63
-71.039 42.3666 157
-71.039 42.3694 627
-71.039 42.3722 752
-71.039 42.375 852
-71.039 42.3778 454
-71.039 42.3806 716
-71.039 42.3834 283
-71.0362 42.3302 157
-71.0362 42.333 229
-71.0362 42.3358 349
-71.0362 42.3386 143
-71.0362 42.3414 15
-71.0362 42.3442 28
-71.0362 42.347 61
-71.0362 42.3666 195
-71.0362 42.3694 243
-71.0362 42.3722 269
-71.0362 42.375 383
-71.0362 42.3778 288
-71.0362 42.3806 352
-71.0362 42.3834 13
-71.0334 42.3302 60
-71.0334 42.333 136
-71.0334 42.3358 147
-71.0334 42.3386 64
-71.0334 42.3442 13
-71.0334 42.347 17
-71.0334 42.3638 54
-71.0334 42.3666 162
-71.0334 42.3694 170
-71.0334 42.3722 136
-71.0334 42.375 291
-71.0334 42.3778 426
-71.0334 42.3806 224
-71.0334 42.3834 32
-71.0306 42.333 167
-71.0306 42.3358 139
-71.0306 42.3386 75
-71.0306 42.3442 45
-71.0306 42.347 12
-71.0306 42.3638 60
-71.0306 42.3666 108
-71.0306 42.3694 11
-71.0306 42.375 46
-71.0306 42.3778 416
-71.0306 42.3806 356
-71.0278 42.333 146
-71.0278 42.3358 115
-71.0278 42.3386 62
-71.0278 42.3442 1
-71.0278 42.347 1
-71.0278 42.3666 6
-71.0278 42.3778 183
-71.0278 42.3806 304
-71.025 42.333 32
-71.025 42.3358 73
-71.025 42.3386 17
-71.025 42.347 1
-71.025 42.361 12
-71.025 42.3694 7
-71.025 42.375 19
-71.025 42.3806 192
-71.025 42.3834 23
-71.0222 42.3806 85
-71.0222 42.3834 78
-71.0194 42.3554 1
-71.0194 42.3806 22
-71.0194 42.3834 119
-71.0194 42.3862 13
-71.0166 42.3806 37
-71.0166 42.3834 140
-71.0166 42.3862 62
-71.0166 42.389 49
-71.0138 42.3806 38
-71.0138 42.3834 79
-71.0138 42.3862 85
-71.0138 42.3918 51
-71.011 42.3862 196
-71.011 42.389 31
-71.011 42.3918 5
-71.011 42.3946 54
-71.0082 42.3862 198
-71.0082 42.389 70
-71.0082 42.3918 236
-71.0082 42.3946 92
-71.0054 42.3862 202
-71.0054 42.389 97
-71.0054 42.3918 33
-71.0026 42.3862 88
-71.0026 42.389 87
-71.0026 42.3918 56
-70.9998 42.3834 66
-70.9998 42.389 62
-70.997 42.3834 14
-70.997 42.389 43
-70.997 42.3918 2
-70.9886 42.3582 124
