-71.1902 42.2826
-71.1874 42.2826
-71.1874 42.2854
-71.1846 42.2798
-71.1846 42.2826
-71.1846 42.2854
-71.1846 42.2882
-71.1818 42.277
-71.1818 42.2798
-71.1818 42.2826
-71.1818 42.2854
-71.1818 42.2882
-71.1818 42.291
-71.179 42.2798
-71.179 42.2826
-71.179 42.2854
-71.179 42.2882
-71.179 42.291
-71.179 42.2938
-71.1762 42.2798
-71.1762 42.2826
-71.1762 42.2854
-71.1762 42.2882
-71.1762 42.291
-71.1762 42.2938
-71.1734 42.2686
-71.1734 42.2742
-71.1734 42.277
-71.1734 42.2798
-71.1734 42.2826
-71.1734 42.2854
-71.1734 42.2882
-71.1734 42.291
-71.1734 42.2938
-71.1734 42.2966
-71.1734 42.3498
-71.1734 42.3526
-71.1706 42.2658
-71.1706 42.2686
-71.1706 42.2714
-71.1706 42.2742
-71.1706 42.277
-71.1706 42.2798
-71.1706 42.2826
-71.1706 42.2854
-71.1706 42.2882
-71.1706 42.291
-71.1706 42.2938
-71.1706 42.2966
-71.1706 42.2994
-71.1706 42.347
-71.1706 42.3498
-71.1706 42.3526
-71.1706 42.3554
-71.1678 42.263
-71.1678 42.2658
-71.1678 42.2686
-71.1678 42.2714
-71.1678 42.2742
-71.1678 42.277
-71.1678 42.2798
-71.1678 42.2826
-71.1678 42.2854
-71.1678 42.2882
-71.1678 42.291
-71.1678 42.2938
-71.1678 42.2966
-71.1678 42.2994
-71.1678 42.3358
-71.1678 42.3386
-71.1678 42.3442
-71.1678 42.347
-71.1678 42.3498
-71.1678 42.3526
-71.1678 42.3554
-71.1678 42.3582
-71.165 42.263
-71.165 42.2658
-71.165 42.2686
-71.165 42.2714
-71.165 42.2742
-71.165 42.277
-71.165 42.2798
-71.165 42.2826
-71.165 42.2854
-71.165 42.2882
-71.165 42.291
-71.165 42.2938
-71.165 42.2966
-71.165 42.2994
-71.165 42.3022
-71.165 42.3358
-71.165 42.3386
-71.165 42.3414
-71.165 42.3442
-71.165 42.347
-71.165 42.3498
-71.165 42.3526
-71.165 42.3554
-71.165 42.3582
-71.1622 42.2602
-71.1622 42.263
-71.1622 42.2658
-71.1622 42.2686
-71.1622 42.2714
-71.1622 42.2742
-71.1622 42.277
-71.1622 42.2798
-71.1622 42.2826
-71.1622 42.2854
-71.1622 42.2882
-71.1622 42.291
-71.1622 42.2938
-71.1622 42.2966
-71.1622 42.2994
-71.1622 42.3358
-71.1622 42.3386
-71.1622 42.3414
-71.1622 42.3442
-71.1622 42.347
-71.1622 42.3498
-71.1622 42.3526
-71.1622 42.3554
-71.1594 42.2574
-71.1594 42.2602
-71.1594 42.263
-71.1594 42.2658
-71.1594 42.2686
-71.1594 42.2714
-71.1594 42.2742
-71.1594 42.277
-71.1594 42.2798
-71.1594 42.2826
-71.1594 42.2854
-71.1594 42.2882
-71.1594 42.291
-71.1594 42.2938
-71.1594 42.2966
-71.1594 42.2994
-71.1594 42.333
-71.1594 42.3358
-71.1594 42.3386
-71.1594 42.3414
-71.1594 42.3442
-71.1594 42.347
-71.1594 42.3498
-71.1594 42.3526
-71.1594 42.3554
-71.1594 42.3582
-71.1566 42.2574
-71.1566 42.2602
-71.1566 42.263
-71.1566 42.2658
-71.1566 42.2686
-71.1566 42.2714
-71.1566 42.2742
-71.1566 42.277
-71.1566 42.2798
-71.1566 42.2826
-71.1566 42.2854
-71.1566 42.2882
-71.1566 42.291
-71.1566 42.2938
-71.1566 42.2966
-71.1566 42.333
-71.1566 42.3358
-71.1566 42.3386
-71.1566 42.3414
-71.1566 42.3442
-71.1566 42.347
-71.1566 42.3498
-71.1566 42.3526
-71.1566 42.3554
-71.1566 42.3582
-71.1538 42.2602
-71.1538 42.263
-71.1538 42.2658
-71.1538 42.2686
-71.1538 42.2714
-71.1538 42.2742
-71.1538 42.277
-71.1538 42.2798
-71.1538 42.2826
-71.1538 42.2854
-71.1538 42.2882
-71.1538 42.291
-71.1538 42.2938
-71.1538 42.333
-71.1538 42.3358
-71.1538 42.3386
-71.1538 42.3414
-71.1538 42.3442
-71.1538 42.347
-71.1538 42.3498
-71.1538 42.3526
-71.1538 42.3554
-71.1538 42.3582
-71.151 42.2602
-71.151 42.263
-71.151 42.2658
-71.151 42.2686
-71.151 42.2714
-71.151 42.2742
-71.151 42.277
-71.151 42.2798
-71.151 42.2826
-71.151 42.2854
-71.151 42.2882
-71.151 42.291
-71.151 42.2938
-71.151 42.3358
-71.151 42.3386
-71.151 42.3414
-71.151 42.3442
-71.151 42.347
-71.151 42.3498
-71.151 42.3526
-71.151 42.3554
-71.151 42.3582
-71.1482 42.2574
-71.1482 42.2602
-71.1482 42.263
-71.1482 42.2658
-71.1482 42.2686
-71.1482 42.2714
-71.1482 42.2742
-71.1482 42.277
-71.1482 42.2798
-71.1482 42.2826
-71.1482 42.2854
-71.1482 42.2882
-71.1482 42.291
-71.1482 42.2938
-71.1482 42.2966
-71.1482 42.3386
-71.1482 42.3414
-71.1482 42.3442
-71.1482 42.347
-71.1482 42.3498
-71.1482 42.3526
-71.1482 42.3554
-71.1482 42.3582
-71.1454 42.2518
-71.1454 42.2546
-71.1454 42.2574
-71.1454 42.2602
-71.1454 42.263
-71.1454 42.2658
-71.1454 42.2686
-71.1454 42.2714
-71.1454 42.2742
-71.1454 42.277
-71.1454 42.2798
-71.1454 42.2826
-71.1454 42.2854
-71.1454 42.2882
-71.1454 42.291
-71.1454 42.2938
-71.1454 42.2966
-71.1454 42.3414
-71.1454 42.3442
-71.1454 42.347
-71.1454 42.3498
-71.1454 42.3526
-71.1454 42.3554
-71.1454 42.3582
-71.1454 42.361
-71.1426 42.2378
-71.1426 42.2406
-71.1426 42.2434
-71.1426 42.2462
-71.1426 42.249
-71.1426 42.2518
-71.1426 42.2546
-71.1426 42.2574
-71.1426 42.2602
-71.1426 42.263
-71.1426 42.2658
-71.1426 42.2686
-71.1426 42.2714
-71.1426 42.2742
-71.1426 42.277
-71.1426 42.2798
-71.1426 42.2826
-71.1426 42.2854
-71.1426 42.2882
-71.1426 42.291
-71.1426 42.2938
-71.1426 42.2966
-71.1426 42.2994
-71.1426 42.3414
-71.1426 42.3442
-71.1426 42.347
-71.1426 42.3498
-71.1426 42.3526
-71.1426 42.3554
-71.1426 42.3582
-71.1426 42.361
-71.1426 42.3638
-71.1398 42.235
-71.1398 42.2378
-71.1398 42.2406
-71.1398 42.2434
-71.1398 42.2462
-71.1398 42.249
-71.1398 42.2518
-71.1398 42.2546
-71.1398 42.2574
-71.1398 42.2602
-71.1398 42.263
-71.1398 42.2658
-71.1398 42.2686
-71.1398 42.2714
-71.1398 42.2742
-71.1398 42.277
-71.1398 42.2798
-71.1398 42.2826
-71.1398 42.2854
-71.1398 42.2882
-71.1398 42.291
-71.1398 42.2938
-71.1398 42.2966
-71.1398 42.2994
-71.1398 42.3022
-71.1398 42.3442
-71.1398 42.347
-71.1398 42.3498
-71.1398 42.3526
-71.1398 42.3554
-71.1398 42.3582
-71.1398 42.361
-71.1398 42.3638
-71.137 42.2322
-71.137 42.235
-71.137 42.2378
-71.137 42.2406
-71.137 42.2434
-71.137 42.2462
-71.137 42.249
-71.137 42.2518
-71.137 42.2546
-71.137 42.2574
-71.137 42.2602
-71.137 42.263
-71.137 42.2658
-71.137 42.2686
-71.137 42.2714
-71.137 42.2742
-71.137 42.277
-71.137 42.2798
-71.137 42.2826
-71.137 42.2854
-71.137 42.2882
-71.137 42.291
-71.137 42.2938
-71.137 42.2966
-71.137 42.2994
-71.137 42.3022
-71.137 42.305
-71.137 42.347
-71.137 42.3498
-71.137 42.3526
-71.137 42.3554
-71.137 42.3582
-71.137 42.361
-71.137 42.3638
-71.1342 42.2322
-71.1342 42.235
-71.1342 42.2378
-71.1342 42.2406
-71.1342 42.2434
-71.1342 42.2462
-71.1342 42.249
-71.1342 42.2518
-71.1342 42.2546
-71.1342 42.2574
-71.1342 42.2602
-71.1342 42.263
-71.1342 42.2658
-71.1342 42.2686
-71.1342 42.2714
-71.1342 42.2742
-71.1342 42.277
-71.1342 42.2798
-71.1342 42.2826
-71.1342 42.2854
-71.1342 42.2882
-71.1342 42.291
-71.1342 42.2938
-71.1342 42.2966
-71.1342 42.2994
-71.1342 42.3022
-71.1342 42.305
-71.1342 42.3078
-71.1342 42.347
-71.1342 42.3498
-71.1342 42.3526
-71.1342 42.3554
-71.1342 42.3582
-71.1342 42.361
-71.1342 42.3638
-71.1342 42.3666
-71.1314 42.2294
-71.1314 42.2322
-71.1314 42.235
-71.1314 42.2378
-71.1314 42.2406
-71.1314 42.2434
-71.1314 42.2462
-71.1314 42.249
-71.1314 42.2518
-71.1314 42.2546
-71.1314 42.2574
-71.1314 42.2602
-71.1314 42.263
-71.1314 42.2658
-71.1314 42.2686
-71.1314 42.2714
-71.1314 42.2742
-71.1314 42.277
-71.1314 42.2798
-71.1314 42.2826
-71.1314 42.2854
-71.1314 42.2882
-71.1314 42.291
-71.1314 42.2938
-71.1314 42.2966
-71.1314 42.2994
-71.1314 42.3022
-71.1314 42.305
-71.1314 42.3078
-71.1314 42.3106
-71.1314 42.3134
-71.1314 42.3498
-71.1314 42.3526
-71.1314 42.3554
-71.1314 42.3582
-71.1314 42.361
-71.1314 42.3638
-71.1314 42.3666
-71.1314 42.3722
-71.1286 42.2322
-71.1286 42.235
-71.1286 42.2378
-71.1286 42.2406
-71.1286 42.2434
-71.1286 42.2462
-71.1286 42.249
-71.1286 42.2518
-71.1286 42.2546
-71.1286 42.2574
-71.1286 42.2602
-71.1286 42.263
-71.1286 42.2658
-71.1286 42.2686
-71.1286 42.2714
-71.1286 42.2742
-71.1286 42.277
-71.1286 42.2798
-71.1286 42.2826
-71.1286 42.2854
-71.1286 42.2882
-71.1286 42.291
-71.1286 42.2938
-71.1286 42.2966
-71.1286 42.2994
-71.1286 42.3022
-71.1286 42.305
-71.1286 42.3078
-71.1286 42.3106
-71.1286 42.3134
-71.1286 42.3162
-71.1286 42.3498
-71.1286 42.3526
-71.1286 42.3554
-71.1286 42.3582
-71.1286 42.361
-71.1286 42.3638
-71.1286 42.3666
-71.1286 42.3694
-71.1286 42.3722
-71.1258 42.2322
-71.1258 42.235
-71.1258 42.2378
-71.1258 42.2406
-71.1258 42.2434
-71.1258 42.2462
-71.1258 42.249
-71.1258 42.2518
-71.1258 42.2546
-71.1258 42.2574
-71.1258 42.2602
-71.1258 42.263
-71.1258 42.2658
-71.1258 42.2686
-71.1258 42.2714
-71.1258 42.2742
-71.1258 42.277
-71.1258 42.2798
-71.1258 42.2826
-71.1258 42.2854
-71.1258 42.2882
-71.1258 42.291
-71.1258 42.2938
-71.1258 42.2966
-71.1258 42.2994
-71.1258 42.3022
-71.1258 42.305
-71.1258 42.3078
-71.1258 42.3106
-71.1258 42.3134
-71.1258 42.3162
-71.1258 42.319
-71.1258 42.3526
-71.1258 42.3554
-71.1258 42.3582
-71.1258 42.361
-71.1258 42.3638
-71.1258 42.3666
-71.1258 42.3694
-71.123 42.235
-71.123 42.2434
-71.123 42.2462
-71.123 42.249
-71.123 42.2518
-71.123 42.2546
-71.123 42.2574
-71.123 42.2602
-71.123 42.263
-71.123 42.2658
-71.123 42.2686
-71.123 42.2714
-71.123 42.2742
-71.123 42.277
-71.123 42.2798
-71.123 42.2826
-71.123 42.2854
-71.123 42.2882
-71.123 42.291
-71.123 42.2938
-71.123 42.2966
-71.123 42.2994
-71.123 42.3022
-71.123 42.305
-71.123 42.3078
-71.123 42.3106
-71.123 42.3134
-71.123 42.3162
-71.123 42.319
-71.123 42.3218
-71.123 42.3526
-71.123 42.3554
-71.123 42.3582
-71.123 42.361
-71.123 42.3638
-71.123 42.3666
-71.1202 42.2434
-71.1202 42.2462
-71.1202 42.249
-71.1202 42.2518
-71.1202 42.2546
-71.1202 42.2574
-71.1202 42.2602
-71.1202 42.263
-71.1202 42.2658
-71.1202 42.2686
-71.1202 42.2714
-71.1202 42.2742
-71.1202 42.277
-71.1202 42.2798
-71.1202 42.2826
-71.1202 42.2854
-71.1202 42.2882
-71.1202 42.291
-71.1202 42.2938
-71.1202 42.2966
-71.1202 42.2994
-71.1202 42.3022
-71.1202 42.305
-71.1202 42.3078
-71.1202 42.3106
-71.1202 42.3134
-71.1202 42.3162
-71.1202 42.319
-71.1202 42.3218
-71.1202 42.3526
-71.1202 42.3554
-71.1202 42.3582
-71.1202 42.361
-71.1202 42.3638
-71.1202 42.3666
-71.1174 42.2462
-71.1174 42.249
-71.1174 42.2518
-71.1174 42.2546
-71.1174 42.2574
-71.1174 42.2602
-71.1174 42.263
-71.1174 42.2658
-71.1174 42.2686
-71.1174 42.2714
-71.1174 42.2742
-71.1174 42.277
-71.1174 42.2798
-71.1174 42.2826
-71.1174 42.2854
-71.1174 42.2882
-71.1174 42.291
-71.1174 42.2938
-71.1174 42.2966
-71.1174 42.2994
-71.1174 42.3022
-71.1174 42.305
-71.1174 42.3078
-71.1174 42.3106
-71.1174 42.3134
-71.1174 42.3162
-71.1174 42.319
-71.1174 42.3218
-71.1174 42.3526
-71.1174 42.361
-71.1146 42.2462
-71.1146 42.249
-71.1146 42.2518
-71.1146 42.2546
-71.1146 42.2574
-71.1146 42.2602
-71.1146 42.263
-71.1146 42.2658
-71.1146 42.2686
-71.1146 42.2714
-71.1146 42.2742
-71.1146 42.277
-71.1146 42.2798
-71.1146 42.2826
-71.1146 42.2854
-71.1146 42.2882
-71.1146 42.291
-71.1146 42.2938
-71.1146 42.2966
-71.1146 42.2994
-71.1146 42.3022
-71.1146 42.305
-71.1146 42.3078
-71.1146 42.3106
-71.1146 42.3134
-71.1146 42.3162
-71.1146 42.319
-71.1146 42.3218
-71.1146 42.3246
-71.1146 42.3526
-71.1118 42.249
-71.1118 42.2518
-71.1118 42.2546
-71.1118 42.2574
-71.1118 42.263
-71.1118 42.2658
-71.1118 42.2686
-71.1118 42.2714
-71.1118 42.2742
-71.1118 42.277
-71.1118 42.2798
-71.1118 42.2826
-71.1118 42.2854
-71.1118 42.2882
-71.1118 42.291
-71.1118 42.2938
-71.1118 42.2966
-71.1118 42.2994
-71.1118 42.3022
-71.1118 42.305
-71.1118 42.3078
-71.1118 42.3106
-71.1118 42.3134
-71.1118 42.3162
-71.1118 42.319
-71.1118 42.3218
-71.1118 42.3246
-71.1118 42.3274
-71.1118 42.3302
-71.1118 42.333
-71.109 42.263
-71.109 42.2658
-71.109 42.2686
-71.109 42.2714
-71.109 42.2742
-71.109 42.277
-71.109 42.2798
-71.109 42.2826
-71.109 42.2854
-71.109 42.2882
-71.109 42.291
-71.109 42.2938
-71.109 42.2966
-71.109 42.2994
-71.109 42.3022
-71.109 42.305
-71.109 42.3078
-71.109 42.3106
-71.109 42.3134
-71.109 42.3162
-71.109 42.319
-71.109 42.3218
-71.109 42.3246
-71.109 42.3274
-71.109 42.3302
-71.109 42.333
-71.109 42.3358
-71.109 42.3386
-71.109 42.3414
-71.1062 42.263
-71.1062 42.2658
-71.1062 42.2686
-71.1062 42.2714
-71.1062 42.2742
-71.1062 42.277
-71.1062 42.2798
-71.1062 42.2826
-71.1062 42.2854
-71.1062 42.2882
-71.1062 42.291
-71.1062 42.2938
-71.1062 42.2966
-71.1062 42.2994
-71.1062 42.3022
-71.1062 42.305
-71.1062 42.3078
-71.1062 42.3106
-71.1062 42.3134
-71.1062 42.3162
-71.1062 42.319
-71.1062 42.3218
-71.1062 42.3246
-71.1062 42.3274
-71.1062 42.3302
-71.1062 42.333
-71.1062 42.3358
-71.1062 42.3386
-71.1062 42.3414
-71.1062 42.347
-71.1062 42.3498
-71.1034 42.2602
-71.1034 42.263
-71.1034 42.2658
-71.1034 42.2686
-71.1034 42.2714
-71.1034 42.2742
-71.1034 42.277
-71.1034 42.2798
-71.1034 42.2826
-71.1034 42.2854
-71.1034 42.2882
-71.1034 42.291
-71.1034 42.2938
-71.1034 42.2966
-71.1034 42.2994
-71.1034 42.3022
-71.1034 42.305
-71.1034 42.3078
-71.1034 42.3106
-71.1034 42.3134
-71.1034 42.3162
-71.1034 42.319
-71.1034 42.3218
-71.1034 42.3246
-71.1034 42.3274
-71.1034 42.3302
-71.1034 42.333
-71.1034 42.3358
-71.1034 42.3386
-71.1034 42.3414
-71.1034 42.3442
-71.1034 42.347
-71.1034 42.3498
-71.1006 42.263
-71.1006 42.2658
-71.1006 42.2686
-71.1006 42.2714
-71.1006 42.2742
-71.1006 42.277
-71.1006 42.2798
-71.1006 42.2826
-71.1006 42.2854
-71.1006 42.2882
-71.1006 42.291
-71.1006 42.2938
-71.1006 42.2966
-71.1006 42.2994
-71.1006 42.3022
-71.1006 42.305
-71.1006 42.3078
-71.1006 42.3106
-71.1006 42.3134
-71.1006 42.3162
-71.1006 42.319
-71.1006 42.3218
-71.1006 42.3246
-71.1006 42.3274
-71.1006 42.3302
-71.1006 42.333
-71.1006 42.3358
-71.1006 42.3386
-71.1006 42.3414
-71.1006 42.3442
-71.1006 42.347
-71.1006 42.3498
-71.0978 42.263
-71.0978 42.2658
-71.0978 42.2686
-71.0978 42.2714
-71.0978 42.2742
-71.0978 42.277
-71.0978 42.2798
-71.0978 42.2826
-71.0978 42.2854
-71.0978 42.2882
-71.0978 42.291
-71.0978 42.2938
-71.0978 42.2966
-71.0978 42.2994
-71.0978 42.3022
-71.0978 42.305
-71.0978 42.3078
-71.0978 42.3106
-71.0978 42.3134
-71.0978 42.3162
-71.0978 42.319
-71.0978 42.3218
-71.0978 42.3246
-71.0978 42.3274
-71.0978 42.3302
-71.0978 42.333
-71.0978 42.3358
-71.0978 42.3386
-71.0978 42.3414
-71.0978 42.3442
-71.0978 42.347
-71.0978 42.3498
-71.095 42.2686
-71.095 42.2714
-71.095 42.2742
-71.095 42.277
-71.095 42.2798
-71.095 42.2826
-71.095 42.2854
-71.095 42.2882
-71.095 42.291
-71.095 42.2938
-71.095 42.2966
-71.095 42.2994
-71.095 42.3022
-71.095 42.305
-71.095 42.3078
-71.095 42.3106
-71.095 42.3134
-71.095 42.3162
-71.095 42.319
-71.095 42.3218
-71.095 42.3246
-71.095 42.3274
-71.095 42.3302
-71.095 42.333
-71.095 42.3358
-71.095 42.3386
-71.095 42.3414
-71.095 42.3442
-71.095 42.347
-71.095 42.3498
-71.0922 42.2686
-71.0922 42.2714
-71.0922 42.2742
-71.0922 42.277
-71.0922 42.2798
-71.0922 42.2826
-71.0922 42.2854
-71.0922 42.2882
-71.0922 42.291
-71.0922 42.2938
-71.0922 42.2966
-71.0922 42.2994
-71.0922 42.3022
-71.0922 42.305
-71.0922 42.3078
-71.0922 42.3106
-71.0922 42.3134
-71.0922 42.3162
-71.0922 42.319
-71.0922 42.3218
-71.0922 42.3246
-71.0922 42.3274
-71.0922 42.3302
-71.0922 42.333
-71.0922 42.3358
-71.0922 42.3386
-71.0922 42.3414
-71.0922 42.3442
-71.0922 42.347
-71.0922 42.3498
-71.0894 42.2714
-71.0894 42.2742
-71.0894 42.277
-71.0894 42.2798
-71.0894 42.2826
-71.0894 42.2854
-71.0894 42.2882
-71.0894 42.291
-71.0894 42.2938
-71.0894 42.2966
-71.0894 42.2994
-71.0894 42.3022
-71.0894 42.305
-71.0894 42.3078
-71.0894 42.3106
-71.0894 42.3134
-71.0894 42.3162
-71.0894 42.319
-71.0894 42.3218
-71.0894 42.3246
-71.0894 42.3274
-71.0894 42.3302
-71.0894 42.333
-71.0894 42.3358
-71.0894 42.3386
-71.0894 42.3414
-71.0894 42.3442
-71.0894 42.347
-71.0894 42.3498
-71.0866 42.2714
-71.0866 42.2742
-71.0866 42.277
-71.0866 42.2798
-71.0866 42.2826
-71.0866 42.2854
-71.0866 42.2882
-71.0866 42.291
-71.0866 42.2938
-71.0866 42.2966
-71.0866 42.2994
-71.0866 42.3022
-71.0866 42.305
-71.0866 42.3078
-71.0866 42.3106
-71.0866 42.3134
-71.0866 42.3162
-71.0866 42.319
-71.0866 42.3218
-71.0866 42.3246
-71.0866 42.3274
-71.0866 42.3302
-71.0866 42.333
-71.0866 42.3358
-71.0866 42.3386
-71.0866 42.3414
-71.0866 42.3442
-71.0866 42.347
-71.0866 42.3498
-71.0866 42.3526
-71.0838 42.2714
-71.0838 42.2742
-71.0838 42.277
-71.0838 42.2798
-71.0838 42.2826
-71.0838 42.2854
-71.0838 42.2882
-71.0838 42.291
-71.0838 42.2938
-71.0838 42.2966
-71.0838 42.2994
-71.0838 42.3022
-71.0838 42.305
-71.0838 42.3078
-71.0838 42.3106
-71.0838 42.3134
-71.0838 42.3162
-71.0838 42.319
-71.0838 42.3218
-71.0838 42.3246
-71.0838 42.3274
-71.0838 42.3302
-71.0838 42.333
-71.0838 42.3358
-71.0838 42.3386
-71.0838 42.3414
-71.0838 42.3442
-71.0838 42.347
-71.0838 42.3498
-71.0838 42.3526
-71.081 42.2714
-71.081 42.2742
-71.081 42.277
-71.081 42.2798
-71.081 42.2826
-71.081 42.2854
-71.081 42.2882
-71.081 42.291
-71.081 42.2938
-71.081 42.2966
-71.081 42.2994
-71.081 42.3022
-71.081 42.305
-71.081 42.3078
-71.081 42.3106
-71.081 42.3134
-71.081 42.3162
-71.081 42.319
-71.081 42.3218
-71.081 42.3246
-71.081 42.3274
-71.081 42.3302
-71.081 42.333
-71.081 42.3358
-71.081 42.3386
-71.081 42.3414
-71.081 42.3442
-71.081 42.347
-71.081 42.3498
-71.081 42.3526
-71.0782 42.2714
-71.0782 42.2742
-71.0782 42.277
-71.0782 42.2798
-71.0782 42.2826
-71.0782 42.2854
-71.0782 42.2882
-71.0782 42.291
-71.0782 42.2938
-71.0782 42.2966
-71.0782 42.2994
-71.0782 42.3022
-71.0782 42.305
-71.0782 42.3078
-71.0782 42.3106
-71.0782 42.3134
-71.0782 42.3162
-71.0782 42.319
-71.0782 42.3218
-71.0782 42.3246
-71.0782 42.3274
-71.0782 42.3302
-71.0782 42.333
-71.0782 42.3358
-71.0782 42.3386
-71.0782 42.3414
-71.0782 42.3442
-71.0782 42.347
-71.0782 42.3498
-71.0782 42.3526
-71.0782 42.3554
-71.0782 42.3834
-71.0754 42.2714
-71.0754 42.2742
-71.0754 42.277
-71.0754 42.2798
-71.0754 42.2826
-71.0754 42.2854
-71.0754 42.2882
-71.0754 42.291
-71.0754 42.2938
-71.0754 42.2966
-71.0754 42.2994
-71.0754 42.3022
-71.0754 42.305
-71.0754 42.3078
-71.0754 42.3106
-71.0754 42.3134
-71.0754 42.3162
-71.0754 42.319
-71.0754 42.3218
-71.0754 42.3246
-71.0754 42.3274
-71.0754 42.3302
-71.0754 42.333
-71.0754 42.3358
-71.0754 42.3386
-71.0754 42.3414
-71.0754 42.3442
-71.0754 42.347
-71.0754 42.3498
-71.0754 42.3526
-71.0754 42.3554
-71.0754 42.3806
-71.0754 42.3834
-71.0754 42.3862
-71.0754 42.389
-71.0726 42.2714
-71.0726 42.2742
-71.0726 42.277
-71.0726 42.2798
-71.0726 42.2826
-71.0726 42.2854
-71.0726 42.2882
-71.0726 42.291
-71.0726 42.2938
-71.0726 42.2966
-71.0726 42.2994
-71.0726 42.3022
-71.0726 42.305
-71.0726 42.3078
-71.0726 42.3106
-71.0726 42.3134
-71.0726 42.3162
-71.0726 42.319
-71.0726 42.3218
-71.0726 42.3246
-71.0726 42.3274
-71.0726 42.3302
-71.0726 42.333
-71.0726 42.3358
-71.0726 42.3386
-71.0726 42.3414
-71.0726 42.3442
-71.0726 42.347
-71.0726 42.3498
-71.0726 42.3526
-71.0726 42.3554
-71.0726 42.3582
-71.0726 42.361
-71.0726 42.3638
-71.0726 42.375
-71.0726 42.3778
-71.0726 42.3806
-71.0726 42.3834
-71.0726 42.3862
-71.0698 42.2714
-71.0698 42.2742
-71.0698 42.277
-71.0698 42.2798
-71.0698 42.2826
-71.0698 42.2854
-71.0698 42.2882
-71.0698 42.291
-71.0698 42.2938
-71.0698 42.2966
-71.0698 42.2994
-71.0698 42.3022
-71.0698 42.305
-71.0698 42.3078
-71.0698 42.3106
-71.0698 42.3134
-71.0698 42.3162
-71.0698 42.319
-71.0698 42.3218
-71.0698 42.3246
-71.0698 42.3274
-71.0698 42.3302
-71.0698 42.333
-71.0698 42.3358
-71.0698 42.3386
-71.0698 42.3414
-71.0698 42.3442
-71.0698 42.347
-71.0698 42.3498
-71.0698 42.3526
-71.0698 42.3554
-71.0698 42.3582
-71.0698 42.361
-71.0698 42.3638
-71.0698 42.3666
-71.0698 42.3722
-71.0698 42.375
-71.0698 42.3778
-71.0698 42.3806
-71.0698 42.3834
-71.067 42.2742
-71.067 42.277
-71.067 42.2798
-71.067 42.2826
-71.067 42.2854
-71.067 42.2882
-71.067 42.291
-71.067 42.2938
-71.067 42.2966
-71.067 42.2994
-71.067 42.3022
-71.067 42.305
-71.067 42.3078
-71.067 42.3106
-71.067 42.3134
-71.067 42.3162
-71.067 42.319
-71.067 42.3218
-71.067 42.3246
-71.067 42.3274
-71.067 42.3302
-71.067 42.333
-71.067 42.3358
-71.067 42.3386
-71.067 42.3414
-71.067 42.3442
-71.067 42.347
-71.067 42.3498
-71.067 42.3526
-71.067 42.3554
-71.067 42.3582
-71.067 42.361
-71.067 42.3638
-71.067 42.3666
-71.067 42.3722
-71.067 42.375
-71.067 42.3778
-71.067 42.3806
-71.067 42.3834
-71.0642 42.2714
-71.0642 42.2742
-71.0642 42.277
-71.0642 42.2798
-71.0642 42.2826
-71.0642 42.2854
-71.0642 42.2882
-71.0642 42.291
-71.0642 42.2938
-71.0642 42.2966
-71.0642 42.2994
-71.0642 42.3022
-71.0642 42.305
-71.0642 42.3078
-71.0642 42.3106
-71.0642 42.3134
-71.0642 42.3162
-71.0642 42.319
-71.0642 42.3218
-71.0642 42.3246
-71.0642 42.3274
-71.0642 42.3302
-71.0642 42.333
-71.0642 42.3358
-71.0642 42.3386
-71.0642 42.3414
-71.0642 42.3442
-71.0642 42.347
-71.0642 42.3498
-71.0642 42.3526
-71.0642 42.3554
-71.0642 42.3582
-71.0642 42.361
-71.0642 42.3638
-71.0642 42.3666
-71.0642 42.3694
-71.0642 42.3722
-71.0642 42.375
-71.0642 42.3778
-71.0642 42.3806
-71.0642 42.3834
-71.0614 42.2714
-71.0614 42.2742
-71.0614 42.277
-71.0614 42.2798
-71.0614 42.2826
-71.0614 42.2854
-71.0614 42.2882
-71.0614 42.291
-71.0614 42.2938
-71.0614 42.2966
-71.0614 42.2994
-71.0614 42.3022
-71.0614 42.305
-71.0614 42.3078
-71.0614 42.3106
-71.0614 42.3134
-71.0614 42.3162
-71.0614 42.319
-71.0614 42.3218
-71.0614 42.3246
-71.0614 42.3274
-71.0614 42.3302
-71.0614 42.333
-71.0614 42.3358
-71.0614 42.3386
-71.0614 42.3414
-71.0614 42.3442
-71.0614 42.347
-71.0614 42.3498
-71.0614 42.3526
-71.0614 42.3554
-71.0614 42.3582
-71.0614 42.361
-71.0614 42.3638
-71.0614 42.3666
-71.0614 42.3694
-71.0614 42.3722
-71.0614 42.375
-71.0614 42.3778
-71.0614 42.3806
-71.0586 42.2714
-71.0586 42.2742
-71.0586 42.277
-71.0586 42.2798
-71.0586 42.2826
-71.0586 42.2854
-71.0586 42.2882
-71.0586 42.291
-71.0586 42.2938
-71.0586 42.2966
-71.0586 42.2994
-71.0586 42.3022
-71.0586 42.305
-71.0586 42.3078
-71.0586 42.3106
-71.0586 42.3134
-71.0586 42.3162
-71.0586 42.319
-71.0586 42.3218
-71.0586 42.3246
-71.0586 42.3274
-71.0586 42.3302
-71.0586 42.333
-71.0586 42.3358
-71.0586 42.3386
-71.0586 42.3414
-71.0586 42.3442
-71.0586 42.347
-71.0586 42.3498
-71.0586 42.3526
-71.0586 42.3554
-71.0586 42.3582
-71.0586 42.361
-71.0586 42.3638
-71.0586 42.3666
-71.0586 42.3722
-71.0586 42.375
-71.0586 42.3778
-71.0586 42.3806
-71.0586 42.3834
-71.0558 42.277
-71.0558 42.2798
-71.0558 42.2826
-71.0558 42.2854
-71.0558 42.2882
-71.0558 42.291
-71.0558 42.2938
-71.0558 42.2966
-71.0558 42.2994
-71.0558 42.3022
-71.0558 42.305
-71.0558 42.3078
-71.0558 42.3106
-71.0558 42.3134
-71.0558 42.3162
-71.0558 42.319
-71.0558 42.3218
-71.0558 42.3246
-71.0558 42.3274
-71.0558 42.3302
-71.0558 42.333
-71.0558 42.3358
-71.0558 42.3386
-71.0558 42.3414
-71.0558 42.3442
-71.0558 42.347
-71.0558 42.3498
-71.0558 42.3526
-71.0558 42.3554
-71.0558 42.3582
-71.0558 42.361
-71.0558 42.3638
-71.0558 42.3666
-71.0558 42.375
-71.0558 42.3778
-71.0558 42.3806
-71.0558 42.3834
-71.053 42.2798
-71.053 42.2826
-71.053 42.2854
-71.053 42.2882
-71.053 42.291
-71.053 42.2938
-71.053 42.2966
-71.053 42.2994
-71.053 42.3022
-71.053 42.305
-71.053 42.3078
-71.053 42.3106
-71.053 42.3134
-71.053 42.3162
-71.053 42.319
-71.053 42.3218
-71.053 42.3246
-71.053 42.3274
-71.053 42.3302
-71.053 42.333
-71.053 42.3358
-71.053 42.3386
-71.053 42.3414
-71.053 42.3442
-71.053 42.347
-71.053 42.3526
-71.053 42.3554
-71.053 42.3582
-71.053 42.361
-71.053 42.3638
-71.053 42.3666
-71.053 42.375
-71.053 42.3778
-71.053 42.3806
-71.053 42.3834
-71.0502 42.2798
-71.0502 42.2826
-71.0502 42.2854
-71.0502 42.2882
-71.0502 42.291
-71.0502 42.2938
-71.0502 42.2966
-71.0502 42.2994
-71.0502 42.3022
-71.0502 42.3106
-71.0502 42.3134
-71.0502 42.3162
-71.0502 42.319
-71.0502 42.3218
-71.0502 42.3246
-71.0502 42.3274
-71.0502 42.3302
-71.0502 42.333
-71.0502 42.3358
-71.0502 42.3386
-71.0502 42.3414
-71.0502 42.3442
-71.0502 42.347
-71.0502 42.3498
-71.0502 42.3554
-71.0502 42.3582
-71.0502 42.3638
-71.0502 42.3666
-71.0502 42.3722
-71.0502 42.3778
-71.0502 42.3806
-71.0502 42.3834
-71.0474 42.2798
-71.0474 42.2826
-71.0474 42.2854
-71.0474 42.2882
-71.0474 42.291
-71.0474 42.2938
-71.0474 42.2966
-71.0474 42.2994
-71.0474 42.305
-71.0474 42.3078
-71.0474 42.3106
-71.0474 42.3134
-71.0474 42.3162
-71.0474 42.319
-71.0474 42.3218
-71.0474 42.3274
-71.0474 42.3302
-71.0474 42.333
-71.0474 42.3358
-71.0474 42.3386
-71.0474 42.3414
-71.0474 42.3442
-71.0474 42.347
-71.0474 42.3498
-71.0474 42.3526
-71.0446 42.277
-71.0446 42.2798
-71.0446 42.2826
-71.0446 42.2854
-71.0446 42.2882
-71.0446 42.291
-71.0446 42.3022
-71.0446 42.3162
-71.0446 42.319
-71.0446 42.3218
-71.0446 42.3302
-71.0446 42.333
-71.0446 42.3358
-71.0446 42.3386
-71.0446 42.3414
-71.0446 42.3442
-71.0446 42.347
-71.0446 42.3498
-71.0446 42.3526
-71.0418 42.2826
-71.0418 42.2854
-71.0418 42.2882
-71.0418 42.3134
-71.0418 42.3162
-71.0418 42.319
-71.0418 42.3302
-71.0418 42.333
-71.0418 42.3358
-71.0418 42.3386
-71.0418 42.3414
-71.0418 42.3442
-71.0418 42.347
-71.0418 42.3498
-71.0418 42.3666
-71.0418 42.3694
-71.0418 42.3722
-71.0418 42.375
-71.0418 42.3778
-71.0418 42.3806
-71.039 42.2882
-71.039 42.291
-71.039 42.3134
-71.039 42.3162
-71.039 42.319
-71.039 42.3302
-71.039 42.333
-71.039 42.3358
-71.039 42.3386
-71.039 42.3414
-71.039 42.3442
-71.039 42.347
-71.039 42.3498
-71.039 42.3526
-71.039 42.3638
-71.039 42.3666
-71.039 42.3694
-71.039 42.3722
-71.039 42.375
-71.039 42.3778
-71.039 42.3806
-71.039 42.3834
-71.0362 42.3134
-71.0362 42.3162
-71.0362 42.3302
-71.0362 42.333
-71.0362 42.3358
-71.0362 42.3386
-71.0362 42.3414
-71.0362 42.3442
-71.0362 42.347
-71.0362 42.3666
-71.0362 42.3694
-71.0362 42.3722
-71.0362 42.375
-71.0362 42.3778
-71.0362 42.3806
-71.0362 42.3834
-71.0334 42.3134
-71.0334 42.3162
-71.0334 42.3302
-71.0334 42.333
-71.0334 42.3358
-71.0334 42.3386
-71.0334 42.3414
-71.0334 42.3442
-71.0334 42.347
-71.0334 42.3638
-71.0334 42.3666
-71.0334 42.3694
-71.0334 42.3722
-71.0334 42.375
-71.0334 42.3778
-71.0334 42.3806
-71.0334 42.3834
-71.0306 42.333
-71.0306 42.3358
-71.0306 42.3386
-71.0306 42.3414
-71.0306 42.3442
-71.0306 42.347
-71.0306 42.3638
-71.0306 42.3666
-71.0306 42.3694
-71.0306 42.3722
-71.0306 42.375
-71.0306 42.3778
-71.0306 42.3806
-71.0278 42.333
-71.0278 42.3358
-71.0278 42.3386
-71.0278 42.3414
-71.0278 42.3442
-71.0278 42.347
-71.0278 42.3582
-71.0278 42.3666
-71.0278 42.3694
-71.0278 42.3722
-71.0278 42.375
-71.0278 42.3778
-71.0278 42.3806
-71.025 42.333
-71.025 42.3358
-71.025 42.3386
-71.025 42.3414
-71.025 42.3442
-71.025 42.347
-71.025 42.3582
-71.025 42.361
-71.025 42.3638
-71.025 42.3666
-71.025 42.3694
-71.025 42.3722
-71.025 42.375
-71.025 42.3778
-71.025 42.3806
-71.025 42.3834
-71.0222 42.333
-71.0222 42.3358
-71.0222 42.3386
-71.0222 42.3414
-71.0222 42.3442
-71.0222 42.3554
-71.0222 42.3582
-71.0222 42.361
-71.0222 42.3638
-71.0222 42.3666
-71.0222 42.3694
-71.0222 42.3722
-71.0222 42.375
-71.0222 42.3778
-71.0222 42.3806
-71.0222 42.3834
-71.0194 42.333
-71.0194 42.3358
-71.0194 42.3386
-71.0194 42.3414
-71.0194 42.3554
-71.0194 42.3582
-71.0194 42.361
-71.0194 42.3638
-71.0194 42.3666
-71.0194 42.3694
-71.0194 42.3722
-71.0194 42.375
-71.0194 42.3778
-71.0194 42.3806
-71.0194 42.3834
-71.0194 42.3862
-71.0166 42.333
-71.0166 42.3358
-71.0166 42.3386
-71.0166 42.3414
-71.0166 42.3526
-71.0166 42.3554
-71.0166 42.3582
-71.0166 42.361
-71.0166 42.3638
-71.0166 42.3666
-71.0166 42.3694
-71.0166 42.3722
-71.0166 42.375
-71.0166 42.3806
-71.0166 42.3834
-71.0166 42.3862
-71.0166 42.389
-71.0138 42.333
-71.0138 42.3358
-71.0138 42.3386
-71.0138 42.3414
-71.0138 42.3526
-71.0138 42.3554
-71.0138 42.3582
-71.0138 42.361
-71.0138 42.3638
-71.0138 42.3666
-71.0138 42.3694
-71.0138 42.3722
-71.0138 42.3806
-71.0138 42.3834
-71.0138 42.3862
-71.0138 42.389
-71.0138 42.3918
-71.0138 42.3946
-71.011 42.3386
-71.011 42.3498
-71.011 42.3526
-71.011 42.3554
-71.011 42.3582
-71.011 42.361
-71.011 42.3638
-71.011 42.3666
-71.011 42.3694
-71.011 42.3834
-71.011 42.3862
-71.011 42.389
-71.011 42.3918
-71.011 42.3946
-71.0082 42.347
-71.0082 42.3498
-71.0082 42.3526
-71.0082 42.3554
-71.0082 42.3582
-71.0082 42.361
-71.0082 42.3638
-71.0082 42.3722
-71.0082 42.375
-71.0082 42.3862
-71.0082 42.389
-71.0082 42.3918
-71.0082 42.3946
-71.0054 42.3498
-71.0054 42.3526
-71.0054 42.3582
-71.0054 42.361
-71.0054 42.3638
-71.0054 42.3778
-71.0054 42.3862
-71.0054 42.389
-71.0054 42.3918
-71.0026 42.3582
-71.0026 42.361
-71.0026 42.3638
-71.0026 42.3778
-71.0026 42.3862
-71.0026 42.389
-71.0026 42.3918
-71.0026 42.3946
-70.9998 42.3582
-70.9998 42.361
-70.9998 42.3834
-70.9998 42.3862
-70.9998 42.389
-70.9998 42.3918
-70.9998 42.3946
-70.997 42.3582
-70.997 42.361
-70.997 42.3834
-70.997 42.3862
-70.997 42.389
-70.997 42.3918
-70.997 42.3946
-70.9942 42.3554
-70.9942 42.3582
-70.9942 42.361
-70.9942 42.3862
-70.9942 42.389
-70.9942 42.3918
-70.9914 42.3554
-70.9914 42.3582
-70.9914 42.361
-70.9914 42.389
-70.9914 42.3918
-70.9886 42.3582
-70.9886 42.361
-70.9886 42.389
-70.9886 42.3918
