-71.083771,42.304147
-71.05647,42.378401
-71.065605,42.306986
-71.064225,42.304776
-71.071365,42.284885
-71.08453,42.284221
-71.082985,42.308821
-71.06262,42.364691
-71.06803,42.272181
-71.06305,42.301351
-71.08421,42.311696
-71.091505,42.288081
-71.06421,42.348091
-71.120743,42.255406
-71.041225,42.368566
-71.079626,42.316792
-71.08273,42.309391
-71.085841,42.306613
-71.077794,42.318561
-71.041225,42.368566
-71.075695,42.309821
-71.071089,42.320002
-71.088026,42.290197
-71.033575,42.371691
-71.085118,42.298635
-71.055265,42.357076
-71.08258,42.333731
-71.06427,42.353331
-71.099395,42.264986
-71.07094,42.303091
-71.06563,42.307516
-71.031445,42.370361
-71.054711,42.341305
-71.05634,42.352901
-71.04507,42.337456
-71.041225,42.368566
-71.060072,42.320861
-71.11481,42.311861
-71.05826,42.329731
-71.09478,42.335141
-71.078742,42.303175
-71.115719,42.278337
-71.08507,42.328881
-71.063675,42.352301
-71.06942,42.356141
-71.096064,42.321926
-71.07797,42.317431
-71.057335,42.312466
-71.062525,42.355916
-71.071525,42.271891
-71.090025,42.316871
-71.05945,42.303061
-71.10087,42.322151
-71.06825,42.382427
-71.07553,42.312201
-71.063675,42.352301
-71.08969,42.346756
-71.091195,42.336386
-71.05758,42.311341
-71.093819,42.331936
-71.06228,42.319881
-71.061205,42.304681
-71.078107,42.288709
-71.079717,42.319866
-71.054605,42.311351
-71.1002,42.268416
-71.101406,42.317134
-71.093783,42.346092
-71.08288,42.301341
-71.080775,42.338581
-71.115388,42.251107
-71.064905,42.352371
-71.08668,42.309096
-71.06344,42.350916
-71.13726,42.356436
-71.098479,42.267626
-71.07128,42.320181
-71.07117,42.303226
-71.060554,42.364937
-71.119205,42.293366
-71.05992,42.356996
-71.085618,42.32866
-71.089124,42.283313
-71.052145,42.357196
-71.101367,42.330119
-71.06181,42.365191
-71.074385,42.335516
-71.092515,42.281306
-71.07769,42.314031
-71.090435,42.324821
-71.08487,42.303971
-71.123915,42.352001
-71.06776,42.285161
-71.06157,42.298336
-71.090389,42.331096
-71.038957,42.370546
-71.07769,42.314031
-71.0712,42.285371
-71.064875,42.291466
-71.0323,42.366431
-71.08175,42.293086
-71.06458,42.352351
-71.079717,42.319866
-71.07529,42.287551
-71.10005,42.315071
-71.048531,42.337316
-71.091505,42.288081
-71.120977,42.267011
-71.096242,42.292687
-71.07023,42.311331
-71.13939,42.276226
-71.05889,42.295641
-71.0811,42.298121
-71.085978,42.296806
-71.088875,42.291651
-71.06443,42.285251
-71.09547,42.337831
-71.061016,42.320052
-71.06125,42.293836
-71.06602,42.302669
-71.065845,42.301366
-71.082494,42.330421
-71.07731,42.297011
-71.06262,42.364691
-71.071415,42.322042
-71.09679,42.317291
-71.09542,42.268331
-71.104894,42.319461
-71.05464,42.359201
-71.0566,42.350411
-71.064905,42.352371
-71.06047,42.355401
-71.056374,42.350817
-71.052015,42.339541
-71.05357,42.359691
-71.09399,42.287601
-71.063873,42.325436
-71.061295,42.288676
-71.107525,42.300191
-71.06994,42.350161
-71.07697,42.349231
-71.090389,42.331096
-71.06047,42.355401
-71.07911,42.281131
-71.06982,42.345251
-71.03657,42.335606
-71.066605,42.318716
-71.070213,42.319216
-71.05899,42.356791
-71.091204,42.273888
-71.027465,42.379611
-71.067485,42.308271
-71.072097,42.321041
-71.07179,42.292531
-71.110327,42.32124
-71.080365,42.280871
-71.05715,42.352081
-71.07011,42.283376
-71.096413,42.344914
-71.104273,42.309722
-71.13085,42.352856
-71.129035,42.354281
-71.08588,42.331105
-71.056571,42.294477
-71.123104,42.259722
-71.091195,42.336386
-71.046717,42.336149
-71.061285,42.301826
-71.067775,42.273361
-71.08544,42.288939
-71.087193,42.319551
-71.118985,42.280186
-71.08567,42.340881
-71.14574,42.358606
-71.085618,42.32866
-71.097718,42.321928
-71.00673,42.386651
-71.060895,42.380496
-71.078665,42.321026
-71.05979,42.352491
-71.088765,42.334881
-71.08535,42.348131
-71.077875,42.318046
-71.10689,42.338716
-71.093739,42.334956
-71.090265,42.284003
-71.0545,42.318941
-71.039152,42.376741
-71.087468,42.270629
-71.080596,42.327236
-71.07891,42.294836
-71.085387,42.289863
-71.059245,42.303971
-71.03657,42.335606
-71.0478,42.331233
-71.13085,42.352856
-71.08209,42.336671
-71.080596,42.327236
-71.08046,42.335661
-71.0807,42.305191
-71.061295,42.296361
-71.09825,42.317761
-71.06041,42.299431
-71.07856,42.310941
-71.08487,42.303971
-71.100575,42.266196
-71.08303,42.293441
-71.03922,42.379016
-71.078075,42.343841
-71.0626,42.343011
-71.15526,42.349106
-71.111854,42.299036
-71.06047,42.355401
-71.08203,42.306731
-71.09574,42.268581
-71.073901,42.283379
-71.07188,42.293201
-71.052625,42.31811
-71.120977,42.267011
-71.11481,42.311861
-71.076949,42.313693
-71.063785,42.349246
-71.104797,42.330254
-71.090025,42.316871
-71.061984,42.36231
-71.08244,42.304191
-71.08505,42.303391
-71.07023,42.311331
-71.071014,42.303664
-71.09794,42.316146
-71.05224,42.337611
-71.10173,42.322871
-71.055005,42.357866
-71.056165,42.379121
-71.08953,42.270709
-71.03715,42.371311
-71.076555,42.322051
-71.05242,42.324351
-71.08112,42.292901
-71.069255,42.281066
-71.07629,42.311596
-71.089912,42.309524
-71.08174,42.294146
-71.07233,42.356041
-71.085036,42.294732
-71.06281,42.351461
-71.03338,42.336521
-71.0626,42.352361
-71.10173,42.322871
-71.061016,42.320052
-71.07365,42.299381
-71.069859,42.272316
-71.090389,42.331096
-71.03584,42.376091
-71.090389,42.331096
-71.061495,42.356911
-71.08368,42.328671
-71.08575,42.348926
-71.085387,42.289863
-71.03598,42.367161
-71.122495,42.266196
-71.05712,42.353261
-71.080195,42.305116
-71.08319,42.341546
-71.03891,42.368441
-71.08284,42.309116
-71.032315,42.366826
-71.13106,42.350481
-71.03922,42.379016
-71.034775,42.376486
-71.03867,42.370001
-71.072415,42.348111
-71.064905,42.352371
-71.053065,42.327871
-71.076399,42.333996
-71.068642,42.316293
-71.074875,42.314326
-71.051965,42.330791
-71.11825,42.283676
-71.09794,42.316146
-71.055825,42.295761
-71.099695,42.330611
-71.08487,42.303971
-71.082855,42.330921
-71.145297,42.349864
-71.084646,42.304835
-71.090025,42.316871
-71.062455,42.351471
-71.07202,42.294776
-71.080301,42.292654
-71.06762,42.294421
-71.096242,42.292687
-71.117294,42.259383
-71.086358,42.285181
-71.085036,42.294732
-71.093815,42.268396
-71.122285,42.287586
-71.068642,42.316293
-71.07843,42.315351
-71.09641,42.332791
-71.06105,42.297191
-71.05253,42.326571
-71.074225,42.309261
-71.0716,42.302361
-71.09884,42.274796
-71.106975,42.334666
-71.12088,42.351821
-71.083365,42.331551
-71.05877,42.377631
-71.09958,42.315711
-71.054095,42.301466
-71.059287,42.313485
-71.10509,42.346631
-71.079717,42.319866
-71.078075,42.343841
-71.0626,42.352361
-71.127403,42.353628
-71.1077,42.310761
-71.07079,42.300966
-71.022535,42.381066
-71.067775,42.273361
-71.136479,42.349047
-71.09032,42.285726
-71.03511,42.380531
-71.065835,42.317351
-71.09812,42.277631
-71.09376,42.270111
-71.063873,42.325436
-71.10086,42.322816
-71.06537,42.300926
-71.0729,42.333256
-71.05944,42.363946
-71.081275,42.340976
-71.122285,42.287586
-71.088325,42.284031
-71.09049,42.286886
-71.08659,42.350721
-71.07011,42.283376
-71.07157,42.284188
-71.14624,42.270961
-71.069802,42.322607
-71.069055,42.337746
-71.080105,42.339015
-71.11003,42.336321
-71.060105,42.357876
-71.063675,42.352301
-71.039249,42.379971
-71.03687,42.377576
-71.11526,42.306721
-71.0292,42.378121
-71.08012,42.339401
-71.14574,42.358606
-71.059755,42.301741
-71.077701,42.327925
-71.147415,42.337756
-71.099118,42.321279
-71.07347,42.289151
-71.05537,42.288221
-71.061495,42.356911
-71.058866,42.357544
-71.10087,42.322151
-71.090389,42.331096
-71.039315,42.382861
-71.05717,42.379141
-71.06458,42.352351
-71.05393,42.331061
-71.06803,42.272181
-71.05899,42.356791
-71.07524,42.339181
-71.05464,42.359201
-71.05224,42.337611
-71.093695,42.268441
-71.06698,42.309771
-71.063106,42.355355
-71.104273,42.309722
-71.08368,42.328671
-71.06583,42.300056
-71.06255,42.365411
-71.121725,42.256791
-71.094482,42.282429
-71.0902,42.273261
-71.08676,42.311131
-71.0768,42.336416
-71.089444,42.319613
-71.08086,42.352271
-71.06703,42.341336
-71.07773,42.316836
-71.08851,42.282571
-71.137296,42.355482
-71.078035,42.317096
-71.07951,42.334481
-71.032635,42.375156
-71.059755,42.301741
-71.08174,42.294146
-71.14574,42.358606
-71.071642,42.312489
-71.085816,42.30968
-71.087375,42.344736
-71.08904,42.334031
-71.072298,42.304718
-71.06082,42.374271
-71.07301,42.298441
-71.078165,42.323511
-71.07517,42.334901
-71.069575,42.305421
-71.056041,42.342169
-71.03722,42.368996
-71.061434,42.300547
-71.09375,42.340751
-71.06462,42.292311
-71.1029,42.347231
-71.051215,42.339041
-71.106175,42.322586
-71.033025,42.377876
-71.03271,42.380286
-71.102595,42.327694
-71.0596,42.324451
-71.06305,42.350871
-71.108794,42.327618
-71.07799,42.301961
-71.06006,42.301996
-71.121858,42.287497
-71.08969,42.346756
-71.096765,42.332291
-71.059637,42.308066
-71.08209,42.336671
-71.06072,42.355536
-71.09342,42.275896
-71.099035,42.281985
-71.06006,42.301996
-71.063675,42.352301
-71.101765,42.328681
-71.08206,42.334311
-71.063675,42.352301
-71.05357,42.359691
-71.090389,42.331096
-71.07041,42.303216
-71.07456,42.272901
-71.144024,42.346747
-71.090389,42.331096
-71.070835,42.331511
-71.09666,42.333711
-71.11553,42.351166
-71.058362,42.358828
-71.137296,42.355482
-71.089268,42.295385
-71.05626,42.375951
-71.06574,42.361226
-71.078665,42.321026
-71.0684,42.312561
-71.066095,42.342071
-71.06838,42.305171
-71.079915,42.321206
-71.058866,42.357544
-71.051425,42.336041
-71.08323,42.327536
-71.11526,42.306721
-71.055442,42.377694
-71.10689,42.338716
-71.05864,42.303046
-71.078133,42.285884
-71.06623,42.317541
-71.076399,42.333996
-71.1262,42.358061
-71.076955,42.288186
-71.091351,42.276486
-71.09068,42.339761
-71.04042,42.369421
-71.065965,42.357401
-71.05932,42.354551
-71.064905,42.352371
-71.058235,42.310543
-71.06563,42.307516
-71.05766,42.295991
-71.065605,42.306986
-71.120977,42.267011
-71.06427,42.353331
-71.125325,42.352176
-71.02819,42.381311
-71.096606,42.28424
-71.08842,42.348666
-71.059287,42.313485
-71.070785,42.287201
-71.134095,42.243156
-71.068653,42.306188
-71.070755,42.321496
-71.06109,42.379281
-71.077578,42.324227
-71.08115,42.311351
-71.07738,42.350061
-71.05572,42.328561
-71.034655,42.346381
-71.07309,42.351211
-71.104805,42.322381
-71.060805,42.378351
-71.080641,42.329362
-71.056873,42.342678
-71.02712,42.380066
-71.058866,42.357544
-71.077285,42.289636
-71.065337,42.316869
-71.075223,42.318706
-71.134095,42.243156
-71.072415,42.348111
-71.07769,42.314031
-71.059445,42.294906
-71.136265,42.350546
-71.09958,42.315711
-71.080907,42.28446
-71.08068,42.324911
-71.06672,42.285111
-71.061745,42.356021
-71.10974,42.261984
-71.08676,42.321721
-71.08033,42.312391
-71.10087,42.322151
-71.07635,42.287146
-71.104895,42.337681
-71.063106,42.355355
-71.081367,42.336818
-71.103725,42.310286
-71.091505,42.288081
-71.055442,42.377694
-71.06594,42.313856
-71.08503,42.303436
-71.120977,42.267011
-71.08575,42.348926
-71.104895,42.337681
-71.07429,42.338361
-71.083365,42.331551
-71.08951,42.350851
-71.063945,42.342646
-71.07179,42.292531
-71.038408,42.369069
-71.066765,42.312461
-71.13209,42.352991
-71.08908,42.291676
-71.05048,42.336801
-71.090389,42.331096
-71.13085,42.352856
-71.085875,42.316854
-71.10418,42.324531
-71.08207,42.348781
-71.104,42.271191
-71.072538,42.299153
-71.090389,42.331096
-71.05945,42.303061
-71.058866,42.357544
-71.06508,42.283021
-71.037275,42.375496
-71.127275,42.352411
-71.08148,42.319021
-71.09456,42.331431
-71.08678,42.284796
-71.070835,42.331511
-71.050814,42.357948
-71.065135,42.350006
-71.093834,42.319031
-71.053506,42.32612
-71.070615,42.320596
-71.08821,42.346391
-71.092165,42.286291
-71.060964,42.352801
-71.08947,42.292231
-71.091204,42.273888
-71.077214,42.322024
-71.0829,42.339651
-71.05443,42.358776
-71.085555,42.273751
-71.082823,42.28266
-71.057735,42.298051
-71.11782,42.279491
-71.080471,42.322391
-71.03991,42.333871
-71.077145,42.350131
-71.066245,42.289241
-71.06181,42.365191
-71.071784,42.29807
-71.008643,42.393294
-71.048531,42.337316
-71.065153,42.29921
-71.07668,42.322851
-71.08209,42.322206
-71.090389,42.331096
-71.077214,42.322024
-71.0543,42.367041
-71.088028,42.334461
-71.079466,42.327327
-71.079466,42.327327
-71.096744,42.348749
-71.06847,42.348156
-71.082606,42.30757
-71.071784,42.29807
-71.09049,42.286886
-71.08046,42.335661
-71.076955,42.288186
-71.061984,42.36231
-71.08634,42.299491
-71.067225,42.319435
-71.066425,42.278251
-71.073395,42.323221
-71.05548,42.365211
-71.06471,42.382101
-71.0729,42.333256
-71.076829,42.301465
-71.05783,42.358771
-71.07844,42.336626
-71.06281,42.351461
-71.07951,42.334481
-71.08223,42.301691
-71.077088,42.306597
-71.04206,42.317766
-71.09369,42.314951
-71.0807,42.305191
-71.14811,42.355891
-71.08135,42.332389
-71.063107,42.301073
-71.04802,42.292301
-71.093739,42.334956
-71.098725,42.315361
-71.063675,42.352301
-71.096765,42.332291
-71.079535,42.301751
-71.090389,42.331096
-71.061984,42.36231
-71.07807,42.316881
-71.072298,42.304718
-71.07215,42.339826
-71.066547,42.363593
-71.071365,42.284885
-71.07772,42.350841
-71.088241,42.283284
-71.076635,42.295411
-71.10819,42.273356
-71.062545,42.321656
-71.11526,42.306721
-71.07517,42.334901
-71.07827,42.289391
-71.02958,42.380691
-71.03906,42.366711
-71.08421,42.311696
-71.114273,42.311901
-71.163153,42.269416
-71.07233,42.356041
-71.082485,42.332456
-71.063873,42.325436
-71.095085,42.326521
-71.086655,42.348466
-71.080596,42.327236
-71.063155,42.298481
-71.056415,42.326841
-71.079652,42.311398
-71.074855,42.351641
-71.06428,42.285761
-71.107525,42.300191
-71.09068,42.339761
-71.05048,42.336801
-71.074855,42.351641
-71.090389,42.331096
-71.145297,42.349864
-71.117294,42.259383
-71.058435,42.303456
-71.06219,42.299251
-71.07822,42.302951
-71.104895,42.337681
-71.06509,42.317001
-71.070415,42.332156
-71.08951,42.334501
-71.090389,42.331096
-71.06707,42.317896
-71.08214,42.317931
-71.06139,42.352461
-71.08333,42.269996
-71.09649,42.315641
-71.07196,42.311961
-71.084644,42.32575
-71.041225,42.368566
-71.08906,42.285216
-71.07977,42.302721
-71.055825,42.295761
-71.08261,42.337161
-71.089925,42.314421
-71.13365,42.350111
-71.068135,42.305341
-71.083825,42.301956
-71.03511,42.380531
-71.08668,42.309096
-71.10395,42.329316
-71.090389,42.331096
-71.072415,42.302361
-71.06115,42.364581
-71.12088,42.351821
-71.02057,42.382151
-71.069675,42.290772
-71.07553,42.312201
-71.07321,42.305351
-71.079652,42.311398
-71.088005,42.343661
-71.056885,42.360886
-71.057834,42.306957
-71.08507,42.328881
-71.068325,42.299081
-71.12088,42.351821
-71.064905,42.352371
-71.085715,42.301361
-71.089151,42.311211
-71.0947,42.314526
-71.07938,42.327811
-71.104475,42.345416
-71.06707,42.317896
-71.03022,42.381261
-71.089745,42.284526
-71.09049,42.286886
-71.02957,42.366031
-71.055093,42.378275
-71.08257,42.348656
-71.06166,42.364266
-71.05712,42.353261
-71.076345,42.316651
-71.070835,42.331511
-71.081533,42.316427
-71.05572,42.352165
-71.075585,42.340456
-71.08544,42.288939
-71.06948,42.304391
-71.130905,42.354466
-71.11177,42.319346
-71.128338,42.286867
-71.122495,42.266196
-71.0864,42.341636
-71.091325,42.284861
-71.05341,42.333381
-71.066,42.290251
-71.034765,42.381976
-71.07164,42.295591
-71.05864,42.303046
-71.05622,42.295151
-71.07703,42.312031
-71.05548,42.365211
-71.078665,42.321026
-71.10714,42.338851
-71.061015,42.353246
-71.114485,42.311256
-71.073499,42.281519
-71.033575,42.371691
-71.09602,42.348776
-71.061016,42.320052
-71.060585,42.298841
-71.10689,42.338716
-71.082405,42.335031
-71.076719,42.32513
-71.089205,42.316173
-71.056035,42.363641
-71.071895,42.319141
-71.069531,42.292891
-71.089151,42.311211
-71.090755,42.269537
-71.065995,42.343861
-71.07524,42.350651
-71.08319,42.341546
-71.114699,42.305522
-71.057255,42.378436
-71.085978,42.296806
-71.07179,42.292531
-71.0622,42.359116
-71.077025,42.327426
-71.08045,42.382573
-71.12638,42.285326
-71.06637,42.315726
-71.07806,42.337301
-71.06109,42.355716
-71.036045,42.376386
-71.151715,42.355406
-71.07161,42.314756
-71.034765,42.381976
-71.091645,42.282226
-71.15159,42.356801
-71.073462,42.293481
-71.084315,42.322643
-71.079626,42.316792
-71.051445,42.358326
-71.06594,42.313856
-71.04217,42.371801
-71.0714,42.283036
-71.118985,42.280186
-71.083485,42.306386
-71.077748,42.348631
-71.032155,42.378581
-71.03511,42.380531
-71.11996,42.273791
-71.077088,42.306597
-71.04028,42.370701
-71.06443,42.285251
-71.063873,42.325436
-71.12795,42.354076
-71.060964,42.352801
-71.093582,42.330188
-71.14009,42.350481
-71.07632,42.350356
-71.061745,42.356021
-71.1002,42.268416
-71.063096,42.31159
-71.102546,42.308074
-71.10418,42.324531
-71.06509,42.317001
-71.12395,42.256421
-71.07157,42.284188
-71.091325,42.284861
-71.09272,42.295196
-71.15612,42.349091
-71.114273,42.311901
-71.063155,42.298481
-71.03996,42.377891
-71.03913,42.376361
-71.05979,42.352491
-71.145297,42.349864
-71.090967,42.297075
-71.074107,42.284279
-71.08544,42.288939
-71.16954,42.351231
-71.063155,42.298481
-71.08209,42.336671
-71.12864,42.351584
-71.060845,42.355056
-71.076928,42.293667
-71.090025,42.316871
-71.133295,42.359576
-71.062605,42.317161
-71.1297,42.253321
-71.063155,42.298481
-71.07738,42.350061
-71.093815,42.268396
-71.063106,42.355355
-71.07538,42.333949
-71.137296,42.355482
-71.05646,42.356736
-71.11297,42.300811
-71.06521,42.349691
-71.065065,42.315361
-71.038408,42.369069
-71.060605,42.379941
-71.0864,42.326896
-71.091374,42.326298
-71.09666,42.333711
-71.07739,42.326511
-71.085402,42.302343
-71.131245,42.350806
-71.058108,42.309016
-71.03186,42.381966
-71.061434,42.300547
-71.10122,42.318221
-71.12827,42.359911
-71.059085,42.304686
-71.063675,42.352301
-71.09075,42.286641
-71.08135,42.332389
-71.059741,42.352052
-71.07525,42.314076
-71.12955,42.286056
-71.062085,42.356341
-71.081161,42.301584
-71.084646,42.304835
-71.15159,42.356801
-71.0833,42.301121
-71.078427,42.304757
-71.09486,42.315301
-71.06533,42.343771
-71.09649,42.315641
-71.07164,42.295591
-71.062545,42.321656
-71.08806,42.297106
-71.078575,42.336996
-71.056873,42.342678
-71.058866,42.357544
-71.10334,42.327341
-71.06152,42.301616
-71.06749,42.306571
-71.07773,42.348001
-71.10087,42.322151
-71.13209,42.352991
-71.073281,42.321821
-71.0292,42.378121
-71.101151,42.283429
-71.06223,42.353831
-71.065286,42.272802
-71.077272,42.311259
-71.102405,42.331401
-71.064905,42.352371
-71.079652,42.311398
-71.08315,42.330241
-71.065337,42.316869
-71.070755,42.321496
-71.06323,42.348271
-71.114485,42.311256
-71.145713,42.254529
-71.084855,42.331031
-71.092113,42.271941
-71.058105,42.282211
-71.077145,42.350131
-71.05647,42.378401
-71.08709,42.295071
-71.12167,42.257471
-71.152565,42.337396
-71.056415,42.326841
-71.111854,42.299036
-71.068005,42.337391
-71.080624,42.337477
-71.1133,42.317151
-71.061745,42.356021
-71.072298,42.304718
-71.093815,42.268396
-71.079065,42.348566
-71.1221,42.293156
-71.05182,42.337071
-71.083771,42.304147
-71.08634,42.299491
-71.13085,42.352856
-71.08087,42.328491
-71.060845,42.355056
-71.06285,42.361271
-71.09558,42.323541
-71.09357,42.315501
-71.091557,42.312409
-71.05944,42.363946
-71.079065,42.348566
-71.064905,42.352371
-71.05565,42.283571
-71.06066,42.298591
-71.08046,42.335661
-71.08967,42.312926
-71.068365,42.328546
-71.123129,42.2725
-71.06942,42.362401
-71.11177,42.319346
-71.092503,42.268483
-71.06114,42.351441
-71.078719,42.30927
-71.07341,42.331471
-71.114686,42.310676
-71.03996,42.377891
-71.0639,42.350956
-71.08992,42.283476
-71.07173,42.322641
-71.056135,42.282601
-71.099148,42.277764
-71.099075,42.331231
-71.05246,42.294481
-71.06982,42.345251
-71.056221,42.287944
-71.145297,42.349864
-71.11003,42.336321
-71.059085,42.304686
-71.086495,42.299081
-71.14549,42.286021
-71.099695,42.330611
-71.137296,42.355482
-71.077145,42.350131
-71.07773,42.316836
-71.077794,42.318561
-71.078665,42.303561
-71.08115,42.311351
-71.06845,42.378791
-71.057506,42.377612
-71.08723,42.287991
-71.058362,42.358828
-71.052946,42.357137
-71.07179,42.292531
-71.075925,42.298096
-71.053065,42.327871
-71.06219,42.299251
-71.08561,42.309006
-71.102546,42.308074
-71.080301,42.292654
-71.06906,42.310196
-71.059295,42.356476
-71.06561,42.344456
-71.05911,42.354401
-71.0599,42.358711
-71.068436,42.290364
-71.07739,42.314841
-71.074225,42.309261
-71.053355,42.324819
-71.05353,42.359506
-71.063155,42.298481
-71.08312,42.307006
-71.08206,42.334311
-71.06289,42.290811
-71.10364,42.349571
-71.059245,42.303971
-71.06185,42.293676
-71.00464,42.392111
-71.054626,42.287247
-71.05882,42.299961
-71.058815,42.301671
-71.06139,42.352461
-71.06163,42.354331
-71.04162,42.369616
-71.06223,42.364936
-71.090085,42.281511
-71.059287,42.313485
-71.049746,42.294186
-71.074855,42.351641
-71.0712,42.285371
-71.064905,42.352371
-71.085118,42.298635
-71.053355,42.324819
-71.08951,42.334501
-71.08356,42.328666
-71.069675,42.290772
-71.06403,42.286681
-71.063478,42.349957
-71.06563,42.307516
-71.03118,42.376406
-71.099685,42.313236
-71.10214,42.334221
-71.05242,42.324351
-71.058395,42.351291
-71.085618,42.32866
-71.07199,42.357421
-71.11256,42.318171
-71.063155,42.298481
-71.076955,42.288186
-71.063707,42.319915
-71.108069,42.262807
-71.083646,42.332502
-71.02983,42.379061
-71.05987,42.351191
-71.072097,42.321041
-71.07902,42.334886
-71.06443,42.285251
-71.0649,42.351031
-71.090389,42.331096
-71.065135,42.350006
-71.089205,42.316173
-71.057015,42.376816
-71.089268,42.295385
-71.09979,42.343531
-71.038912,42.374688
-71.063675,42.352301
-71.05516,42.377581
-71.08174,42.294146
-71.089151,42.311211
-71.145297,42.349864
-71.08174,42.294146
-71.087165,42.346206
-71.085841,42.306613
-71.056873,42.342678
-71.07231,42.309256
-71.06204,42.355151
-71.101531,42.269163
-71.081195,42.328481
-71.089124,42.283313
-71.09178,42.268962
-71.07127,42.282011
-71.06761,42.304043
-71.07329,42.346746
-71.05984,42.362981
-71.059641,42.327811
-71.130451,42.35065
-71.07188,42.293201
-71.070755,42.321496
-71.05784,42.358706
-71.113765,42.299641
-71.09748,42.276106
-71.089675,42.287751
-71.12864,42.351584
-71.07629,42.311596
-71.136955,42.346446
-71.12138,42.292751
-71.072298,42.304718
-71.10316,42.326236
-71.083365,42.331551
-71.06443,42.285251
-71.046717,42.336149
-71.048531,42.337316
-71.080624,42.337477
-71.083771,42.304147
-71.132592,42.248101
-71.081178,42.274496
-71.072122,42.300294
-71.07497,42.325271
-71.092503,42.268483
-71.148595,42.349557
-71.03469,42.375306
-71.133585,42.353161
-71.055595,42.378741
-71.060274,42.320067
-71.01939,42.382236
-71.094482,42.282429
-71.063815,42.374756
-71.048531,42.337316
-71.051805,42.377766
-71.063205,42.289621
-71.08118,42.342071
-71.07007,42.335911
-71.056687,42.316591
-71.06149,42.350551
-71.08046,42.335661
-71.071595,42.320471
-71.06657,42.349641
-71.093739,42.334956
-71.090389,42.331096
-71.03494,42.378741
-71.07844,42.336626
-71.08634,42.299491
-71.061735,42.285641
-71.090389,42.331096
-71.058866,42.357544
-71.075815,42.307781
-71.061285,42.301826
-71.093305,42.327996
-71.07366,42.338811
-71.059655,42.321481
-71.08784,42.315206
-71.04062,42.369181
-71.091908,42.320862
-71.07632,42.350356
-71.155123,42.35915
-71.069679,42.340381
-71.088717,42.31927
-71.04217,42.371801
-71.10974,42.261984
-71.08368,42.328671
-71.142088,42.353409
-71.051215,42.339041
-71.054375,42.327796
-71.070835,42.331511
-71.08275,42.328591
-71.054905,42.330616
-71.09045,42.308695
-71.07703,42.312031
-71.026631,42.380334
-71.087635,42.347111
-71.09163,42.316981
-71.0638,42.300831
-71.07821,42.316031
-71.058108,42.309016
-71.071643,42.290556
-71.083771,42.304147
-71.092878,42.285127
-71.093695,42.268441
-71.069575,42.305421
-71.084009,42.345962
-71.09748,42.276106
-71.07611,42.293822
-71.05696,42.329736
-71.10486,42.317031
-71.072725,42.382196
-71.037275,42.375496
-71.0729,42.333256
-71.080301,42.292654
-71.08417,42.288116
-71.072538,42.299153
-71.089675,42.287751
-71.06669,42.317736
-71.06988,42.356971
-71.096755,42.342406
-71.08487,42.303971
-71.03884,42.367051
-71.062545,42.321656
-71.08209,42.336671
-71.065995,42.343861
-71.05814,42.352331
-71.057506,42.377612
-71.06255,42.365411
-71.145297,42.349864
-71.060115,42.351256
-71.090105,42.275596
-71.05458,42.354631
-71.041225,42.368566
-71.090893,42.321142
-71.111099,42.332557
-71.08816,42.294461
-71.06223,42.364936
-71.068135,42.305341
-71.05693,42.337781
-71.095995,42.347161
-71.085118,42.298635
-71.066534,42.313851
-71.084646,42.304835
-71.05256,42.315571
-71.12033,42.245831
-71.09666,42.333711
-71.06494,42.343021
-71.08181,42.29754
-71.037275,42.375496
-71.09649,42.315641
-71.052715,42.374741
-71.05066,42.332571
-71.064015,42.348681
-71.098875,42.264003
-71.037455,42.369496
-71.10117,42.313951
-71.119501,42.266268
-71.08969,42.346756
-71.150469,42.339952
-71.080301,42.292654
-71.060554,42.364937
-71.05464,42.359201
-71.063106,42.355355
-71.067175,42.316924
-71.093695,42.268441
-71.0716,42.302361
-71.083365,42.331551
-71.039795,42.382626
-71.06163,42.351416
-71.069575,42.303406
-71.145297,42.349864
-71.10785,42.324801
-71.05839,42.287871
-71.076655,42.336766
-71.059096,42.308825
-71.089268,42.295385
-71.066425,42.278251
-71.090755,42.269537
-71.081625,42.336141
-71.07456,42.272901
-71.114273,42.311901
-71.08146,42.334911
-71.06458,42.352351
-71.089151,42.311211
-71.161115,42.351651
-71.069859,42.272316
-71.090389,42.331096
-71.09311,42.279491
-71.095483,42.284278
-71.08474,42.305241
-71.08327,42.308321
-71.060554,42.364937
-71.06942,42.362401
-71.137155,42.352186
-71.08146,42.334911
-71.07538,42.333949
-71.122726,42.289178
-71.075627,42.300132
-71.13255,42.354731
-71.090389,42.331096
-71.119714,42.292533
-71.03912,42.375956
-71.05622,42.356751
-71.059637,42.308066
-71.104029,42.285662
-71.084695,42.305636
-71.06219,42.356241
-71.127043,42.300948
-71.063106,42.355355
-71.149442,42.359682
-71.09613,42.331651
-71.08032,42.339301
-71.080065,42.310896
-71.072997,42.30119
-71.076829,42.301465
-71.090215,42.312236
-71.117294,42.259383
-71.079065,42.348566
-71.083481,42.319361
-71.061434,42.300547
-71.073395,42.323221
-71.09342,42.275896
-71.06443,42.285251
-71.08876,42.292621
-71.065835,42.317351
-71.05693,42.337781
-71.06494,42.343021
-71.08048,42.275561
-71.16086,42.340111
-71.0639,42.350956
-71.091115,42.317901
-71.110664,42.27312
-71.06471,42.382101
-71.083435,42.280591
-71.091351,42.276486
-71.08969,42.346756
-71.039415,42.368976
-71.072205,42.296246
-71.06881,42.364116
-71.08356,42.328666
-71.06698,42.309771
-71.03016,42.332381
-71.077145,42.350131
-71.06988,42.356971
-71.1441,42.281971
-71.08556,42.301841
-71.061434,42.300547
-71.064943,42.311842
-71.070482,42.30876
-71.08816,42.294461
-71.05733,42.293091
-71.03472,42.378411
-71.10464,42.326071
-71.080365,42.280871
-71.084646,42.304835
-71.07572,42.335536
-71.061305,42.312901
-71.073755,42.333701
-71.052533,42.36293
-71.027465,42.379611
-71.145818,42.257502
-71.056345,42.358871
-71.123104,42.259722
-71.06587,42.313256
-71.099116,42.325095
-71.082049,42.294765
-71.080945,42.311606
-71.04607,42.338326
-71.037275,42.375496
-71.118505,42.284721
-71.118505,42.284721
-71.064905,42.352371
-71.049401,42.29763
-71.05727,42.329976
-71.04828,42.330476
-71.055595,42.378741
-71.060674,42.360562
-71.109405,42.322781
-71.0904,42.280796
-71.10364,42.349571
-71.079626,42.316792
-71.06776,42.285161
-71.05793,42.358231
-71.093795,42.268876
-71.063675,42.352301
-71.05634,42.352901
-71.065007,42.313187
-71.063873,42.325436
-71.061305,42.312901
-71.062158,42.37195
-71.05865,42.378496
-71.154285,42.352639
-71.062901,42.302122
-71.08942,42.313251
-71.041075,42.318581
-71.09017,42.287851
-71.08499,42.342831
-71.114509,42.27963
-71.15159,42.356801
-71.07769,42.314031
-71.0938,42.268671
-71.06462,42.292311
-71.144024,42.346747
-71.11809,42.278461
-71.07464,42.338131
-71.05294,42.359431
-70.972049,42.312511
-71.077634,42.320912
-71.07525,42.314076
-71.074645,42.309436
-71.096843,42.264836
-71.102195,42.323541
-71.0639,42.350956
-71.106975,42.334666
-71.05979,42.352491
-71.06593,42.314981
-71.121725,42.256791
-71.083706,42.279645
-71.112411,42.284053
-71.03404,42.368896
-71.094482,42.282429
-71.132,42.355831
-71.11582,42.262541
-71.05582,42.360091
-71.074113,42.29713
-71.089625,42.290066
-71.10027,42.326001
-71.072674,42.305479
-71.120977,42.267011
-71.068529,42.377114
-71.133585,42.353161
-71.074145,42.309026
-71.07977,42.302721
-71.095445,42.349201
-71.12649,42.357971
-71.093795,42.268876
-71.06923,42.302081
-71.064983,42.287156
-71.08487,42.303971
-71.078225,42.302601
-71.119409,42.268452
-71.063785,42.349246
-71.064905,42.352371
-71.066922,42.321286
-71.09045,42.308695
-71.085118,42.298635
-71.064905,42.352371
-71.103375,42.311201
-71.067975,42.301336
-71.03727,42.330611
-71.06458,42.352351
-71.076829,42.301465
-71.04206,42.317766
-71.08592,42.308611
-71.072674,42.305479
-71.076345,42.316651
-71.112361,42.316208
-71.037105,42.367651
-71.114525,42.302651
-71.086949,42.341247
-71.073395,42.323221
-71.07351,42.333491
-71.07928,42.328551
-71.06462,42.292311
-71.10005,42.315071
-71.08723,42.287991
-71.07121,42.287796
-71.051999,42.312145
-71.077917,42.343296
-71.05643,42.297321
-71.059637,42.308066
-71.050316,42.292917
-71.03472,42.378411
-71.044545,42.347516
-71.06602,42.302669
-71.052015,42.339541
-71.072097,42.321041
-71.11831,42.247986
-71.07447,42.335441
-71.09932,42.312336
-71.075236,42.302275
-71.092687,42.330728
-71.061625,42.305676
-71.1221,42.293156
-71.125325,42.352176
-71.060375,42.352521
-71.074513,42.314688
-71.08598,42.329471
-71.07772,42.350841
-71.070845,42.272546
-71.116277,42.295838
-71.070975,42.295251
-71.11266,42.287341
-71.070143,42.305937
-71.08275,42.328591
-71.07776,42.318941
-71.11782,42.279491
-71.052558,42.315296
-71.05533,42.339601
-71.075585,42.340456
-71.10242,42.320301
-71.0607,42.317796
-71.063785,42.349246
-71.040245,42.368121
-71.06906,42.310196
-71.07844,42.336626
-71.118505,42.284721
-71.04729,42.337241
-71.05976,42.324211
-71.037275,42.375496
-71.07654,42.288261
-71.07351,42.333491
-71.08356,42.328666
-71.154289,42.28644
-71.154177,42.338291
-71.075307,42.297484
-71.082494,42.330421
-71.141761,42.24314
-71.063757,42.354358
-71.08556,42.301841
-70.972049,42.312511
-71.10334,42.327341
-71.063675,42.352301
-71.0879,42.348121
-71.06443,42.285251
-71.08584,42.301001
-71.0729,42.333256
-71.08209,42.336671
-71.08031,42.325981
-71.07635,42.287146
-71.079535,42.301751
-71.071975,42.334581
-71.07776,42.318841
-71.08514,42.303116
-71.084646,42.304835
-71.08744,42.334121
-71.08544,42.288939
-71.119565,42.247251
-71.08562,42.301656
-71.032315,42.366826
-71.115719,42.278337
-71.12795,42.354076
-71.08136,42.329161
-71.09478,42.335141
-71.05724,42.360116
-71.080065,42.310896
-71.093305,42.327996
-71.08234,42.331396
-71.093582,42.330188
-71.08394,42.337341
-71.08942,42.313251
-71.077145,42.350131
-71.078085,42.343506
-71.07611,42.293822
-71.03633,42.366391
-71.06939,42.339506
-71.07351,42.333491
-71.083485,42.298551
-71.09898,42.315101
-71.07655,42.353431
-71.062995,42.354951
-71.09051,42.311871
-71.150195,42.354396
